1995.1841,0.10836393,-0.09732660,-0.00744260,0.00680000,0.00500000,0.00700000
1995.2827,0.12058976,-0.11035291,-0.00846879,0.00620000,0.00500000,0.00660000
1995.2854,0.11298698,-0.11479957,-0.00794157,0.00610000,0.00470000,0.00660000
1995.2882,0.11962145,-0.11158692,-0.01349495,0.00630000,0.00470000,0.00680000
1995.2909,0.12558799,-0.10616926,-0.00756486,0.00605000,0.00490000,0.00675000
1995.2936,0.10866584,-0.10832885,-0.00535122,0.00570000,0.00465000,0.00635000
1995.2964,0.11646230,-0.10958298,-0.01056300,0.00625000,0.00480000,0.00670000
1995.2991,0.10998188,-0.11175863,-0.01414866,0.00640000,0.00490000,0.00690000
1995.3018,0.11638802,-0.10376514,-0.01561636,0.00440000,0.00340000,0.00480000
1995.3073,0.10877390,-0.10432249,-0.01085170,0.00460000,0.00325000,0.00485000
1995.3101,0.11922468,-0.10340792,-0.01777364,0.00440000,0.00320000,0.00460000
1995.3128,0.10383228,-0.11141503,-0.01721257,0.00480000,0.00345000,0.00505000
1995.3155,0.11472764,-0.11028670,-0.01828924,0.00440000,0.00340000,0.00480000
1995.3183,0.11702718,-0.10646694,-0.01315561,0.00440000,0.00330000,0.00475000
1995.3210,0.12394759,-0.11082302,-0.02566566,0.00430000,0.00330000,0.00450000
1995.3238,0.11758618,-0.10605765,-0.01550984,0.00480000,0.00370000,0.00510000
1995.3320,0.11811600,-0.10751858,-0.01658131,0.00490000,0.00395000,0.00515000
1995.3347,0.11523537,-0.10579261,-0.03726488,0.00450000,0.00360000,0.00500000
1995.3374,0.11839420,-0.10793645,-0.03008145,0.00410000,0.00320000,0.00430000
1995.3402,0.11724438,-0.10907464,-0.02200433,0.00405000,0.00315000,0.00435000
1995.3429,0.11419459,-0.11446622,-0.01921121,0.00460000,0.00350000,0.00480000
1995.3457,0.11282672,-0.11075944,-0.02552262,0.00480000,0.00365000,0.00520000
1995.3539,0.11610521,-0.10742682,-0.02060163,0.00440000,0.00340000,0.00490000
1995.3566,0.10940140,-0.11244927,-0.02030385,0.00510000,0.00390000,0.00560000
1995.3593,0.11243189,-0.11022083,-0.02482947,0.00600000,0.00470000,0.00640000
1995.3621,0.11559194,-0.11295714,-0.01968707,0.00615000,0.00480000,0.00645000
1995.3785,0.10869182,-0.11136401,-0.02973229,0.00570000,0.00435000,0.00620000
1995.3812,0.11334935,-0.10995919,-0.01982872,0.00610000,0.00490000,0.00650000
1995.3922,0.10739697,-0.12018026,-0.01178219,0.00630000,0.00450000,0.00650000
1995.3949,0.10579463,-0.10967118,-0.01743825,0.00610000,0.00460000,0.00665000
1995.3977,0.11594053,-0.10965423,-0.00689254,0.00600000,0.00470000,0.00655000
1995.4004,0.11426442,-0.10600507,-0.00454156,0.00610000,0.00460000,0.00640000
1995.4031,0.11322469,-0.10722600,-0.00952549,0.00640000,0.00480000,0.00700000
1995.4059,0.11739970,-0.11118993,-0.02291730,0.00610000,0.00490000,0.00680000
1995.4086,0.12197895,-0.10803068,-0.01995446,0.00720000,0.00525000,0.00770000
1995.4114,0.11437126,-0.10470392,-0.01222514,0.00680000,0.00500000,0.00720000
1995.4141,0.11526039,-0.10931788,-0.00525392,0.00690000,0.00490000,0.00730000
1995.4168,0.11386364,-0.11110732,-0.00627236,0.00650000,0.00470000,0.00670000
1995.4196,0.10852521,-0.10706630,-0.01364014,0.00610000,0.00450000,0.00670000
1995.4223,0.11891885,-0.10114982,-0.02078158,0.00625000,0.00460000,0.00670000
1995.4251,0.11813737,-0.11090594,-0.01536496,0.00590000,0.00460000,0.00640000
1995.4278,0.10902142,-0.10534455,-0.01041002,0.00610000,0.00440000,0.00630000
1995.4305,0.10974169,-0.10506989,-0.01733622,0.00565000,0.00450000,0.00625000
1995.4333,0.11748426,-0.11344688,-0.00755461,0.00680000,0.00520000,0.00710000
1995.4360,0.11666365,-0.11544760,-0.00984112,0.00735000,0.00510000,0.00765000
1995.4387,0.11152967,-0.10998511,-0.00965947,0.00580000,0.00430000,0.00620000
1995.4415,0.11758074,-0.11535255,-0.01452557,0.00595000,0.00440000,0.00615000
1995.4442,0.11406800,-0.10698720,-0.01148739,0.00660000,0.00510000,0.00720000
1995.4470,0.11719228,-0.11345651,0.01149753,0.00650000,0.00500000,0.00690000
1995.4497,0.11502695,-0.10975590,-0.00574436,0.00665000,0.00480000,0.00680000
1995.4524,0.10920467,-0.11043825,-0.01570318,0.00690000,0.00510000,0.00725000
1995.4552,0.12139974,-0.10878616,0.00157000,0.00680000,0.00520000,0.00740000
1995.4579,0.11702300,-0.10363639,-0.01516133,0.00700000,0.00510000,0.00740000
1995.4606,0.12238550,-0.11156012,0.00004350,0.00620000,0.00480000,0.00680000
1995.4634,0.11852514,-0.11334906,-0.00855263,0.00665000,0.00495000,0.00705000
1995.4661,0.11176583,-0.11503306,-0.00045526,0.00530000,0.00400000,0.00560000
1995.4689,0.11209662,-0.11010147,0.00147806,0.00530000,0.00380000,0.00590000
1995.4716,0.12681097,-0.10653132,0.00516834,0.00550000,0.00420000,0.00570000
1995.4743,0.11650684,-0.11134631,0.00626942,0.00550000,0.00420000,0.00580000
1995.4771,0.12046098,-0.10850176,0.00545621,0.00525000,0.00370000,0.00580000
1995.4798,0.11207672,-0.11160162,0.00028888,0.00520000,0.00350000,0.00560000
1995.4825,0.11773568,-0.11024161,0.00151304,0.00500000,0.00375000,0.00540000
1995.4853,0.11109623,-0.11069017,-0.00249330,0.00480000,0.00370000,0.00550000
1995.4880,0.11666873,-0.11435057,0.00566008,0.00505000,0.00390000,0.00545000
1995.4908,0.11513134,-0.11179799,0.00223869,0.00530000,0.00430000,0.00570000
1995.4935,0.11338998,-0.10825822,0.00752534,0.00510000,0.00380000,0.00560000
1995.4962,0.11183701,-0.11340118,0.00357081,0.00530000,0.00400000,0.00600000
1995.4990,0.10893447,-0.11580033,-0.01032166,0.00510000,0.00400000,0.00610000
1995.5017,0.11336051,-0.11284132,-0.00669404,0.00520000,0.00370000,0.00570000
1995.5044,0.11748358,-0.11122029,-0.00114066,0.00530000,0.00360000,0.00590000
1995.5072,0.11955071,-0.11386125,-0.00753704,0.00520000,0.00370000,0.00570000
1995.5099,0.11921785,-0.11468822,-0.01000962,0.00530000,0.00360000,0.00550000
1995.5127,0.11303762,-0.11552491,0.00648797,0.00480000,0.00370000,0.00550000
1995.5154,0.11018608,-0.11438767,0.00993111,0.00470000,0.00370000,0.00515000
1995.5181,0.12330443,-0.11467983,-0.00507710,0.00480000,0.00390000,0.00530000
1995.5346,0.11166800,-0.12015397,-0.00346891,0.00680000,0.00520000,0.00740000
1995.5373,0.12480176,-0.12540182,-0.00523664,0.00670000,0.00500000,0.00710000
1995.5400,0.11705063,-0.11488268,0.00739810,0.00700000,0.00540000,0.00760000
1995.5428,0.12276143,-0.11617112,0.00367900,0.00690000,0.00510000,0.00730000
1995.5455,0.12404498,-0.11299155,0.00142854,0.00620000,0.00480000,0.00700000
1995.5483,0.13093211,-0.11557466,-0.00378812,0.00675000,0.00480000,0.00715000
1995.5510,0.11345420,-0.11946689,-0.02030196,0.00680000,0.00485000,0.00755000
1995.5537,0.11293426,-0.11588272,-0.00049160,0.00680000,0.00480000,0.00720000
1995.5565,0.11180902,-0.11924001,0.01277548,0.00690000,0.00510000,0.00730000
1995.5592,0.11612765,-0.11389652,0.00612005,0.00710000,0.00520000,0.00760000
1995.5619,0.11529165,-0.11672291,-0.00742195,0.00600000,0.00450000,0.00650000
1995.5647,0.12827128,-0.11576475,0.00348624,0.00620000,0.00480000,0.00670000
1995.5674,0.12398269,-0.11296309,0.00873476,0.00700000,0.00490000,0.00750000
1995.5702,0.12175225,-0.10708591,0.00974813,0.00660000,0.00470000,0.00710000
1995.5729,0.11615669,-0.11212407,0.00694561,0.00690000,0.00500000,0.00735000
1995.5756,0.12555640,-0.10888510,0.00077339,0.00700000,0.00520000,0.00735000
1995.5784,0.12189057,-0.11665669,-0.00072309,0.00630000,0.00450000,0.00670000
1995.5811,0.11503075,-0.11343207,0.00215999,0.00770000,0.00535000,0.00820000
1995.5838,0.12165425,-0.12022998,-0.00084358,0.00660000,0.00480000,0.00700000
1995.5866,0.11469537,-0.11142370,-0.00521551,0.00680000,0.00470000,0.00730000
1995.5893,0.12663720,-0.11700719,0.00630342,0.00620000,0.00485000,0.00695000
1995.5921,0.11954544,-0.11295550,-0.00862706,0.00680000,0.00490000,0.00710000
1995.5948,0.11889376,-0.11697102,-0.00972852,0.00650000,0.00470000,0.00700000
1995.5975,0.13192698,-0.11443939,0.00026501,0.00650000,0.00460000,0.00690000
1995.6003,0.12756115,-0.12318005,0.00276321,0.00595000,0.00465000,0.00645000
1995.6030,0.12755915,-0.11926025,-0.00762697,0.00555000,0.00450000,0.00600000
1995.6057,0.12257850,-0.11314340,-0.00006115,0.00585000,0.00465000,0.00635000
1995.6085,0.12179005,-0.11233915,-0.01116743,0.00565000,0.00455000,0.00600000
1995.6112,0.12821184,-0.12008968,-0.00432259,0.00720000,0.00520000,0.00740000
1995.6140,0.12058487,-0.11655649,-0.00951217,0.00660000,0.00490000,0.00705000
1995.6167,0.12153705,-0.11344485,-0.00038859,0.00650000,0.00480000,0.00680000
1995.6194,0.12626810,-0.11559391,0.00384709,0.00660000,0.00490000,0.00720000
1995.6222,0.12772306,-0.11069609,-0.00542412,0.00660000,0.00490000,0.00690000
1995.6277,0.11646466,-0.11178083,-0.01509248,0.00600000,0.00455000,0.00635000
1995.6304,0.11754950,-0.12140642,-0.01571066,0.00540000,0.00430000,0.00570000
1995.6331,0.12120510,-0.11347317,-0.01348403,0.00660000,0.00500000,0.00705000
1995.6359,0.12403272,-0.11499077,-0.01085480,0.00665000,0.00540000,0.00720000
1995.6386,0.12580804,-0.11471291,-0.00397097,0.00600000,0.00470000,0.00660000
1995.6413,0.11897821,-0.11909917,-0.00852393,0.00650000,0.00480000,0.00690000
1995.6441,0.13086054,-0.11380226,-0.02132019,0.00655000,0.00485000,0.00695000
1995.6468,0.11752907,-0.11684705,-0.01208703,0.00605000,0.00450000,0.00645000
1995.6496,0.13100684,-0.12537888,0.00353166,0.00630000,0.00450000,0.00670000
1995.6523,0.13756264,-0.12233771,-0.00659680,0.00645000,0.00460000,0.00670000
1995.6550,0.12928026,-0.11813259,-0.00212762,0.00560000,0.00420000,0.00590000
1995.6605,0.13539571,-0.10793516,-0.00847404,0.00645000,0.00490000,0.00675000
1995.6660,0.12483537,-0.12289149,0.00408139,0.00580000,0.00445000,0.00620000
1995.6687,0.12564380,-0.12324306,0.00165096,0.00680000,0.00490000,0.00720000
1995.6715,0.12471356,-0.11393640,-0.00962292,0.00685000,0.00535000,0.00720000
1995.6742,0.11587487,-0.12188898,-0.00354522,0.00690000,0.00540000,0.00730000
1995.6769,0.11031461,-0.11702112,-0.00300107,0.00595000,0.00475000,0.00635000
1995.6797,0.11888557,-0.11714050,-0.00577025,0.00640000,0.00480000,0.00700000
1995.6824,0.12065790,-0.11451214,-0.00649180,0.00690000,0.00530000,0.00720000
1995.6851,0.12107551,-0.11326807,-0.01131062,0.00635000,0.00495000,0.00670000
1995.6879,0.12070155,-0.11730360,-0.00423933,0.00690000,0.00530000,0.00720000
1995.6906,0.12184308,-0.11714362,-0.00746263,0.00620000,0.00450000,0.00650000
1995.6934,0.11594362,-0.11915896,-0.01127023,0.00600000,0.00440000,0.00630000
1995.6961,0.12678335,-0.12005298,-0.00260688,0.00680000,0.00480000,0.00700000
1995.6988,0.11373617,-0.11875024,0.00260341,0.00545000,0.00420000,0.00585000
1995.7016,0.12236196,-0.11306816,-0.00109147,0.00580000,0.00440000,0.00620000
1995.7043,0.12740622,-0.11904631,-0.00137030,0.00560000,0.00430000,0.00630000
1995.7070,0.12876085,-0.12199425,0.00445437,0.00605000,0.00450000,0.00650000
1995.7098,0.12092101,-0.11671722,-0.00922454,0.00535000,0.00420000,0.00560000
1995.7153,0.11147735,-0.12159046,-0.00867165,0.00550000,0.00430000,0.00600000
1995.7180,0.13222183,-0.12555631,-0.00487496,0.00540000,0.00400000,0.00570000
1995.7207,0.13210698,-0.11629844,-0.00840226,0.00610000,0.00480000,0.00660000
1995.7235,0.12456452,-0.11520518,-0.00685389,0.00575000,0.00450000,0.00620000
1995.7262,0.12298842,-0.11504945,-0.01515287,0.00600000,0.00455000,0.00635000
1995.7481,0.13002001,-0.12162045,-0.01293894,0.00550000,0.00440000,0.00590000
1995.7509,0.12416736,-0.11163803,-0.01276452,0.00550000,0.00410000,0.00580000
1995.7536,0.12042724,-0.12040567,-0.00746061,0.00620000,0.00465000,0.00640000
1995.7563,0.11781635,-0.11631027,-0.00307482,0.00540000,0.00390000,0.00570000
1995.7591,0.12093626,-0.12328574,-0.00162548,0.00540000,0.00430000,0.00570000
1995.7618,0.12993804,-0.12223077,-0.00678759,0.00590000,0.00450000,0.00620000
1995.7645,0.13184850,-0.11488347,-0.01212631,0.00540000,0.00420000,0.00580000
1995.7673,0.13668941,-0.12010601,-0.00361110,0.00555000,0.00420000,0.00595000
1995.7700,0.13305523,-0.12528289,-0.02265170,0.00580000,0.00440000,0.00620000
1995.7728,0.12243168,-0.12434908,-0.00224650,0.00550000,0.00420000,0.00580000
1995.7755,0.13375064,-0.12069588,0.00359184,0.00460000,0.00360000,0.00490000
1995.7782,0.13095981,-0.11799448,-0.00796435,0.00480000,0.00360000,0.00500000
1995.7810,0.12590575,-0.12290324,-0.00196019,0.00465000,0.00365000,0.00500000
1995.7837,0.12656103,-0.12677705,0.00229312,0.00470000,0.00365000,0.00510000
1995.7864,0.12567897,-0.12147090,0.00459711,0.00450000,0.00360000,0.00500000
1995.7892,0.13447577,-0.12425738,-0.00002602,0.00480000,0.00370000,0.00500000
1995.7919,0.13575999,-0.11934853,-0.00739924,0.00580000,0.00455000,0.00600000
1995.7947,0.12855896,-0.12426178,-0.00414761,0.00485000,0.00355000,0.00515000
1995.7974,0.13119488,-0.11987966,-0.00570318,0.00435000,0.00335000,0.00465000
1995.8001,0.13339800,-0.12009937,-0.00788653,0.00450000,0.00340000,0.00490000
1995.8029,0.13348656,-0.12232504,-0.00699721,0.00435000,0.00340000,0.00470000
1995.8056,0.13734847,-0.12861686,-0.00919053,0.00435000,0.00345000,0.00475000
1995.8084,0.12803140,-0.12427289,-0.01214010,0.00455000,0.00350000,0.00495000
1995.8111,0.13146760,-0.12217000,-0.00749923,0.00450000,0.00350000,0.00500000
1995.8138,0.13086240,-0.12278828,-0.00637813,0.00445000,0.00350000,0.00500000
1995.8166,0.13033319,-0.12532863,-0.00667896,0.00440000,0.00335000,0.00480000
1995.8193,0.12776043,-0.12296881,-0.00480239,0.00475000,0.00350000,0.00495000
1995.8220,0.12568821,-0.11780707,-0.00635684,0.00430000,0.00330000,0.00460000
1995.8248,0.12881386,-0.12339161,-0.01006354,0.00440000,0.00355000,0.00485000
1995.8275,0.13490411,-0.12507438,-0.00676530,0.00460000,0.00365000,0.00500000
1995.8303,0.12531202,-0.11884385,-0.01409024,0.00450000,0.00350000,0.00485000
1995.8330,0.12879352,-0.11788942,-0.01068120,0.00460000,0.00360000,0.00480000
1995.8357,0.13542051,-0.11940173,0.00425662,0.00540000,0.00420000,0.00575000
1995.8385,0.12569427,-0.11262938,-0.00263735,0.00550000,0.00415000,0.00585000
1995.8412,0.13065145,-0.11393397,-0.00677089,0.00555000,0.00420000,0.00590000
1995.8439,0.13359305,-0.11678102,-0.01197351,0.00530000,0.00430000,0.00570000
1995.8467,0.13112380,-0.11439250,-0.01104955,0.00585000,0.00455000,0.00640000
1995.8494,0.13293121,-0.11150585,-0.02455674,0.00530000,0.00420000,0.00570000
1995.8522,0.12673665,-0.11944368,-0.03233833,0.00500000,0.00400000,0.00530000
1995.8549,0.13547637,-0.12499365,-0.01983601,0.00580000,0.00420000,0.00600000
1995.8576,0.13254090,-0.11825874,-0.00610917,0.00540000,0.00410000,0.00580000
1995.8604,0.12605265,-0.11764035,-0.00900969,0.00560000,0.00425000,0.00620000
1995.8631,0.12710526,-0.11257658,-0.01703152,0.00470000,0.00380000,0.00500000
1995.8658,0.12830048,-0.12426851,-0.01960569,0.00540000,0.00405000,0.00580000
1995.8686,0.12164589,-0.12594124,-0.02873018,0.00605000,0.00440000,0.00635000
1995.8713,0.13735398,-0.11774021,-0.02665426,0.00530000,0.00400000,0.00570000
1995.8741,0.13508397,-0.11782467,-0.02538271,0.00570000,0.00410000,0.00610000
1995.8768,0.13506058,-0.11653141,-0.02269215,0.00550000,0.00400000,0.00580000
1995.8795,0.13487875,-0.11852731,-0.01971034,0.00550000,0.00400000,0.00590000
1995.8823,0.13510446,-0.12156980,-0.02530441,0.00545000,0.00400000,0.00585000
1995.8850,0.13134066,-0.12535977,-0.02450710,0.00510000,0.00390000,0.00550000
1995.8877,0.13290948,-0.12390284,-0.01997370,0.00560000,0.00400000,0.00590000
1995.8905,0.13353095,-0.12726105,-0.02181724,0.00500000,0.00380000,0.00550000
1995.8932,0.13280526,-0.12463122,-0.02841716,0.00570000,0.00415000,0.00610000
1995.8960,0.13383394,-0.12446408,-0.02114980,0.00510000,0.00385000,0.00540000
1995.8987,0.13465807,-0.12579834,-0.00302189,0.00470000,0.00350000,0.00500000
1995.9014,0.12976832,-0.12534810,-0.01291320,0.00540000,0.00400000,0.00580000
1995.9042,0.12520707,-0.12228345,-0.01019762,0.00580000,0.00450000,0.00640000
1995.9069,0.13371146,-0.12330465,-0.00883274,0.00570000,0.00430000,0.00600000
1995.9097,0.12757997,-0.12561558,-0.00593553,0.00550000,0.00410000,0.00590000
1995.9124,0.13515687,-0.12697153,-0.01091740,0.00530000,0.00400000,0.00570000
1995.9151,0.13323959,-0.12402820,-0.01135394,0.00490000,0.00370000,0.00520000
1995.9179,0.13585395,-0.12965717,0.00549339,0.00510000,0.00390000,0.00550000
1995.9206,0.13877873,-0.12953864,-0.00704369,0.00500000,0.00390000,0.00540000
1995.9233,0.13634289,-0.12601227,-0.00681255,0.00530000,0.00400000,0.00560000
1995.9261,0.13474195,-0.12484069,-0.00668595,0.00560000,0.00430000,0.00605000
1995.9288,0.13773754,-0.12104651,-0.01088430,0.00550000,0.00420000,0.00610000
1995.9316,0.13494931,-0.12573772,-0.02264290,0.00560000,0.00420000,0.00595000
1995.9343,0.14102749,-0.12081801,-0.01697588,0.00610000,0.00450000,0.00650000
1995.9370,0.13304542,-0.13000711,-0.01963945,0.00570000,0.00410000,0.00590000
1995.9398,0.13966121,-0.12713598,-0.02123416,0.00520000,0.00390000,0.00530000
1995.9425,0.12999573,-0.12170059,-0.02634776,0.00510000,0.00390000,0.00540000
1995.9452,0.14287052,-0.11835283,-0.02227927,0.00600000,0.00440000,0.00630000
1995.9480,0.13208997,-0.12552769,-0.01673435,0.00640000,0.00470000,0.00670000
1995.9507,0.13692429,-0.12519155,-0.01441981,0.00620000,0.00490000,0.00680000
1995.9535,0.14239339,-0.12318475,-0.01165681,0.00630000,0.00475000,0.00690000
1995.9562,0.14020357,-0.12469365,-0.02338665,0.00640000,0.00455000,0.00670000
1995.9589,0.13726745,-0.11748397,-0.01263893,0.00635000,0.00465000,0.00680000
1995.9617,0.13596970,-0.12046076,-0.01599136,0.00555000,0.00425000,0.00595000
1995.9644,0.13625227,-0.12408988,-0.02643305,0.00500000,0.00400000,0.00530000
1995.9671,0.13587552,-0.12300680,-0.01601455,0.00500000,0.00400000,0.00535000
1995.9699,0.13278253,-0.11853610,-0.02862801,0.00490000,0.00380000,0.00525000
1995.9726,0.13645718,-0.12035097,-0.01851292,0.00530000,0.00390000,0.00550000
1995.9754,0.12841970,-0.12692749,-0.00829210,0.00510000,0.00410000,0.00550000
1995.9781,0.13490320,-0.12041736,-0.02198205,0.00580000,0.00440000,0.00620000
1995.9808,0.13855440,-0.12641733,-0.02885157,0.00470000,0.00370000,0.00495000
1995.9836,0.13589488,-0.12696986,-0.01946550,0.00480000,0.00380000,0.00510000
1995.9863,0.14133180,-0.12616532,-0.01647521,0.00500000,0.00380000,0.00530000
1995.9890,0.14068054,-0.12696372,-0.01648387,0.00460000,0.00360000,0.00490000
1995.9918,0.14132820,-0.12513483,-0.01926132,0.00470000,0.00360000,0.00500000
1995.9945,0.13507761,-0.12849375,-0.00019051,0.00515000,0.00380000,0.00540000
1995.9973,0.13177549,-0.13130451,-0.00148983,0.00520000,0.00400000,0.00560000
1996.0000,0.13624102,-0.12628237,-0.01848242,0.00520000,0.00415000,0.00560000
1996.0027,0.13768439,-0.12205138,-0.02073732,0.00530000,0.00415000,0.00570000
1996.0055,0.13803777,-0.12634713,-0.01604732,0.00510000,0.00390000,0.00540000
1996.0082,0.13592719,-0.12565949,-0.01483702,0.00460000,0.00350000,0.00490000
1996.0110,0.14133629,-0.12824714,-0.00579077,0.00520000,0.00380000,0.00550000
1996.0137,0.13801478,-0.12778761,-0.00985273,0.00485000,0.00370000,0.00515000
1996.0164,0.13385227,-0.12845641,-0.01596802,0.00520000,0.00380000,0.00540000
1996.0192,0.13955283,-0.12790608,-0.02399293,0.00470000,0.00360000,0.00500000
1996.0219,0.13505599,-0.12387478,-0.01038693,0.00475000,0.00370000,0.00505000
1996.0246,0.13730519,-0.12219758,-0.00798117,0.00470000,0.00350000,0.00490000
1996.0274,0.13855605,-0.12785209,-0.00380699,0.00480000,0.00370000,0.00510000
1996.0301,0.13395746,-0.13285970,-0.00249583,0.00540000,0.00400000,0.00570000
1996.0329,0.13768902,-0.12518520,-0.00519476,0.00500000,0.00370000,0.00530000
1996.0356,0.13225564,-0.13210474,-0.00060041,0.00510000,0.00400000,0.00540000
1996.0383,0.14164169,-0.13145596,-0.01336586,0.00500000,0.00380000,0.00540000
1996.0411,0.13779057,-0.12903419,-0.01394603,0.00505000,0.00390000,0.00535000
1996.0438,0.13993116,-0.13052294,-0.01463825,0.00535000,0.00400000,0.00570000
1996.0465,0.14126745,-0.12950424,-0.00605844,0.00540000,0.00380000,0.00570000
1996.0493,0.14661024,-0.13009928,-0.02205743,0.00510000,0.00390000,0.00550000
1996.0520,0.14713016,-0.12725006,-0.01947407,0.00540000,0.00435000,0.00580000
1996.0548,0.14189752,-0.12720326,-0.00579078,0.00500000,0.00380000,0.00530000
1996.0575,0.13645400,-0.13124132,-0.00106114,0.00510000,0.00380000,0.00540000
1996.0602,0.13387789,-0.12577916,-0.00099606,0.00530000,0.00420000,0.00590000
1996.0630,0.13616595,-0.12521729,-0.00690182,0.00470000,0.00375000,0.00515000
1996.0657,0.14405402,-0.12856345,-0.00230464,0.00500000,0.00360000,0.00520000
1996.0684,0.13596457,-0.12614775,-0.02017011,0.00480000,0.00370000,0.00530000
1996.0712,0.13839083,-0.12769101,-0.00643305,0.00465000,0.00360000,0.00490000
1996.0739,0.14176546,-0.12715249,-0.01033904,0.00530000,0.00410000,0.00580000
1996.0767,0.13255759,-0.12559759,0.00478254,0.00550000,0.00410000,0.00590000
1996.0794,0.13898891,-0.12393705,-0.00972391,0.00500000,0.00390000,0.00540000
1996.0821,0.14583270,-0.12644114,-0.00838890,0.00500000,0.00390000,0.00560000
1996.0849,0.14738189,-0.12837001,-0.00816190,0.00610000,0.00490000,0.00670000
1996.0876,0.14413945,-0.12198614,-0.01284023,0.00540000,0.00410000,0.00605000
1996.0903,0.14011139,-0.12261419,-0.01591998,0.00480000,0.00360000,0.00510000
1996.0931,0.14381598,-0.12218127,-0.01544667,0.00460000,0.00370000,0.00500000
1996.0958,0.14456459,-0.12923224,-0.01234044,0.00470000,0.00370000,0.00520000
1996.0986,0.14223432,-0.12318745,-0.01102517,0.00510000,0.00410000,0.00550000
1996.1013,0.14194707,-0.12371855,-0.01022147,0.00480000,0.00380000,0.00520000
1996.1040,0.14349933,-0.12835531,-0.00606205,0.00500000,0.00400000,0.00530000
1996.1068,0.13993081,-0.13133963,-0.01339851,0.00470000,0.00360000,0.00510000
1996.1095,0.13997731,-0.12393880,-0.00958397,0.00460000,0.00340000,0.00500000
1996.1123,0.13677895,-0.12850985,-0.01012281,0.00460000,0.00335000,0.00490000
1996.1150,0.13687700,-0.12030826,-0.00876129,0.00460000,0.00350000,0.00480000
1996.1177,0.14330994,-0.12609357,-0.01506313,0.00510000,0.00390000,0.00550000
1996.1205,0.14215089,-0.12629383,-0.00916766,0.00470000,0.00360000,0.00510000
1996.1232,0.14533915,-0.12873711,-0.01434739,0.00445000,0.00345000,0.00485000
1996.1259,0.14219459,-0.12593647,-0.00994892,0.00460000,0.00370000,0.00500000
1996.1287,0.14355303,-0.12308968,0.00141610,0.00520000,0.00400000,0.00580000
1996.1314,0.14376333,-0.12470507,-0.00409190,0.00470000,0.00350000,0.00510000
1996.1342,0.14037974,-0.13184892,-0.00327311,0.00520000,0.00410000,0.00560000
1996.1369,0.14495575,-0.12620535,0.00529883,0.00510000,0.00390000,0.00555000
1996.1396,0.14770088,-0.13233137,-0.00026204,0.00490000,0.00410000,0.00580000
1996.1424,0.14890340,-0.13364822,0.00368673,0.00530000,0.00410000,0.00590000
1996.1451,0.14346043,-0.12901262,0.00177403,0.00540000,0.00420000,0.00585000
1996.1478,0.15015551,-0.12936840,0.00500068,0.00500000,0.00380000,0.00535000
1996.1506,0.14350685,-0.13169496,0.00475405,0.00465000,0.00355000,0.00500000
1996.1533,0.13972916,-0.13211075,0.00133917,0.00490000,0.00380000,0.00520000
1996.1588,0.13439684,-0.13062896,0.00431396,0.00480000,0.00370000,0.00530000
1996.1615,0.13376128,-0.13515931,-0.01132277,0.00500000,0.00380000,0.00540000
1996.1643,0.14088984,-0.13527036,-0.01374314,0.00470000,0.00355000,0.00510000
1996.1670,0.14003563,-0.12966990,0.00627231,0.00465000,0.00350000,0.00515000
1996.1697,0.13458579,-0.13008714,0.00845277,0.00445000,0.00350000,0.00475000
1996.1725,0.12834153,-0.12535271,0.00097569,0.00490000,0.00370000,0.00530000
1996.1752,0.13847224,-0.11997034,-0.01081739,0.00530000,0.00430000,0.00560000
1996.1780,0.14651966,-0.12834630,-0.00364411,0.00555000,0.00435000,0.00605000
1996.1807,0.14163443,-0.12926458,-0.00459893,0.00500000,0.00390000,0.00540000
1996.1834,0.14385694,-0.13294018,-0.00657666,0.00500000,0.00360000,0.00520000
1996.1862,0.14901034,-0.13070847,-0.01286596,0.00485000,0.00360000,0.00525000
1996.1889,0.14048512,-0.12741974,-0.00063859,0.00470000,0.00360000,0.00500000
1996.1916,0.14166328,-0.12997319,0.00017133,0.00490000,0.00380000,0.00520000
1996.1944,0.13501741,-0.13052439,0.00184238,0.00500000,0.00370000,0.00520000
1996.1971,0.14039909,-0.12780048,-0.00931270,0.00535000,0.00410000,0.00575000
1996.1999,0.13468954,-0.12850563,-0.01579731,0.00530000,0.00420000,0.00600000
1996.2026,0.14971831,-0.13172142,0.00015916,0.00490000,0.00375000,0.00525000
1996.2053,0.14000223,-0.13255986,0.00259731,0.00510000,0.00380000,0.00540000
1996.2081,0.14116072,-0.13204803,-0.00388006,0.00470000,0.00370000,0.00510000
1996.2108,0.14176805,-0.12866608,0.00091414,0.00470000,0.00360000,0.00520000
1996.2136,0.14038846,-0.13020714,-0.00584011,0.00490000,0.00370000,0.00510000
1996.2163,0.13401472,-0.12741698,-0.00107849,0.00490000,0.00380000,0.00520000
1996.2190,0.13985162,-0.12535985,-0.00711405,0.00455000,0.00345000,0.00495000
1996.2218,0.13960381,-0.12799704,-0.00494241,0.00470000,0.00380000,0.00520000
1996.2245,0.14896526,-0.13312594,-0.00925203,0.00490000,0.00390000,0.00540000
1996.2300,0.14095308,-0.12292533,-0.00268184,0.00445000,0.00350000,0.00475000
1996.2327,0.13003738,-0.13097052,-0.00821348,0.00460000,0.00370000,0.00500000
1996.2355,0.14076292,-0.13416233,-0.00788100,0.00540000,0.00420000,0.00580000
1996.2382,0.14951726,-0.13392082,-0.01361759,0.00450000,0.00360000,0.00485000
1996.2409,0.14847767,-0.12976340,-0.01454151,0.00470000,0.00365000,0.00510000
1996.2437,0.14720367,-0.13632149,-0.00866312,0.00480000,0.00380000,0.00530000
1996.2464,0.14575155,-0.13846059,0.00103925,0.00470000,0.00360000,0.00510000
1996.2491,0.14071991,-0.13150669,-0.00983523,0.00460000,0.00360000,0.00495000
1996.2519,0.14224421,-0.13094175,-0.00676729,0.00470000,0.00385000,0.00525000
1996.2546,0.14447937,-0.13071990,-0.01351704,0.00460000,0.00380000,0.00540000
1996.2574,0.14126090,-0.13104288,-0.01853089,0.00435000,0.00365000,0.00480000
1996.2601,0.13753709,-0.13093190,-0.01159901,0.00465000,0.00375000,0.00520000
1996.2628,0.13886143,-0.13298894,-0.01452386,0.00450000,0.00370000,0.00490000
1996.2656,0.14649033,-0.12922817,-0.01593153,0.00450000,0.00360000,0.00510000
1996.2683,0.14058245,-0.12758498,-0.02940588,0.00460000,0.00360000,0.00500000
1996.2765,0.13905290,-0.13359581,-0.02366495,0.00460000,0.00370000,0.00510000
1996.2793,0.13182849,-0.13978566,-0.01280170,0.00510000,0.00410000,0.00565000
1996.2820,0.13725246,-0.13783909,-0.01519914,0.00510000,0.00420000,0.00550000
1996.2847,0.13297868,-0.13403667,-0.01303362,0.00495000,0.00410000,0.00540000
1996.2875,0.14298361,-0.13363220,-0.00834900,0.00450000,0.00360000,0.00480000
1996.2902,0.14052356,-0.13017374,-0.01624006,0.00465000,0.00370000,0.00505000
1996.2930,0.13643997,-0.12899234,-0.00759250,0.00520000,0.00400000,0.00565000
1996.2957,0.13475626,-0.12556102,-0.01451087,0.00570000,0.00460000,0.00620000
1996.2984,0.14220703,-0.12730515,-0.01177123,0.00560000,0.00430000,0.00630000
1996.3012,0.13298139,-0.12741576,-0.01746356,0.00505000,0.00395000,0.00535000
1996.3039,0.13578641,-0.13667941,-0.01352162,0.00485000,0.00380000,0.00525000
1996.3066,0.13371098,-0.13403403,-0.01043507,0.00515000,0.00405000,0.00540000
1996.3094,0.13422609,-0.12768001,-0.01414553,0.00480000,0.00370000,0.00515000
1996.3121,0.13673243,-0.12978371,-0.00568593,0.00460000,0.00360000,0.00490000
1996.3149,0.13480899,-0.13020151,0.00081632,0.00470000,0.00380000,0.00510000
1996.3176,0.13932418,-0.13215035,-0.01054484,0.00510000,0.00400000,0.00545000
1996.3203,0.14446646,-0.13202198,-0.01653531,0.00530000,0.00410000,0.00565000
1996.3231,0.13888209,-0.12733613,-0.01564830,0.00540000,0.00420000,0.00570000
1996.3258,0.12908091,-0.12937692,-0.00782005,0.00440000,0.00350000,0.00470000
1996.3285,0.13483399,-0.12277688,-0.00836783,0.00440000,0.00345000,0.00465000
1996.3313,0.12988152,-0.13178516,-0.00949414,0.00490000,0.00390000,0.00530000
1996.3340,0.13605927,-0.12891646,0.00072122,0.00480000,0.00390000,0.00520000
1996.3368,0.13175920,-0.13160265,-0.00511726,0.00510000,0.00400000,0.00540000
1996.3395,0.13355699,-0.12840725,-0.01094409,0.00485000,0.00390000,0.00525000
1996.3422,0.13626559,-0.13125932,-0.01044258,0.00470000,0.00370000,0.00500000
1996.3450,0.13297612,-0.12564496,-0.00606053,0.00465000,0.00380000,0.00510000
1996.3477,0.13520033,-0.13582300,-0.00813754,0.00440000,0.00350000,0.00470000
1996.3504,0.13452744,-0.12762607,-0.00622656,0.00500000,0.00390000,0.00540000
1996.3532,0.14281561,-0.12914316,-0.00309590,0.00470000,0.00380000,0.00540000
1996.3559,0.13560131,-0.13415945,-0.00608351,0.00490000,0.00390000,0.00510000
1996.3587,0.13700554,-0.12998965,-0.00710298,0.00500000,0.00375000,0.00520000
1996.3614,0.13397957,-0.13266759,-0.01484721,0.00505000,0.00390000,0.00535000
1996.3641,0.13684611,-0.12959834,-0.00502808,0.00520000,0.00395000,0.00565000
1996.3696,0.13677836,-0.13252652,0.00063090,0.00500000,0.00400000,0.00560000
1996.3723,0.13579283,-0.13143222,-0.00632170,0.00520000,0.00390000,0.00570000
1996.3751,0.13678408,-0.13117030,-0.00492330,0.00550000,0.00430000,0.00600000
1996.3778,0.13808530,-0.12985184,-0.00342749,0.00520000,0.00430000,0.00590000
1996.3806,0.14066810,-0.13524862,-0.01288330,0.00580000,0.00440000,0.00630000
1996.3833,0.13329454,-0.12425533,-0.00269448,0.00550000,0.00420000,0.00610000
1996.3860,0.14236931,-0.13327667,0.00189846,0.00510000,0.00405000,0.00570000
1996.3888,0.14018771,-0.13069493,-0.00816343,0.00510000,0.00395000,0.00550000
1996.3915,0.12438357,-0.12591648,-0.01078992,0.00560000,0.00410000,0.00610000
1996.3943,0.14414441,-0.13585544,-0.00386369,0.00540000,0.00395000,0.00585000
1996.3970,0.13442474,-0.12841956,-0.01764113,0.00570000,0.00470000,0.00620000
1996.3997,0.14865002,-0.13970765,0.00055300,0.00535000,0.00395000,0.00580000
1996.4025,0.13549354,-0.13082756,-0.00756298,0.00510000,0.00390000,0.00550000
1996.4052,0.13632903,-0.14121393,-0.00467109,0.00470000,0.00375000,0.00550000
1996.4079,0.13570867,-0.13778257,0.00454115,0.00505000,0.00380000,0.00560000
1996.4107,0.14204641,-0.13929644,-0.01931501,0.00570000,0.00425000,0.00600000
1996.4134,0.13149144,-0.12842892,-0.00944742,0.00470000,0.00380000,0.00530000
1996.4162,0.13232984,-0.14146620,-0.01017375,0.00480000,0.00390000,0.00530000
1996.4189,0.13950367,-0.14214319,-0.01836917,0.00510000,0.00390000,0.00550000
1996.4216,0.13781866,-0.13358451,-0.01745804,0.00510000,0.00390000,0.00550000
1996.4244,0.13529207,-0.13402079,-0.00921537,0.00520000,0.00400000,0.00570000
1996.4271,0.14946179,-0.13558946,-0.00010897,0.00560000,0.00440000,0.00640000
1996.4298,0.14579748,-0.13124538,-0.01540735,0.00570000,0.00430000,0.00630000
1996.4326,0.14064561,-0.13123227,-0.02765701,0.00530000,0.00395000,0.00560000
1996.4353,0.14938706,-0.12461680,-0.01789510,0.00520000,0.00390000,0.00565000
1996.4381,0.14604453,-0.13814545,-0.00470562,0.00550000,0.00430000,0.00610000
1996.4408,0.14192174,-0.13607683,-0.01368412,0.00550000,0.00400000,0.00600000
1996.4435,0.13725569,-0.13483752,-0.01019028,0.00595000,0.00435000,0.00630000
1996.4463,0.14443570,-0.12920700,-0.01906824,0.00555000,0.00400000,0.00590000
1996.4490,0.13871673,-0.13342671,-0.01605774,0.00520000,0.00380000,0.00565000
1996.4517,0.14690989,-0.13094892,-0.01994865,0.00525000,0.00415000,0.00565000
1996.4545,0.14348734,-0.13235909,-0.02587135,0.00500000,0.00400000,0.00560000
1996.4572,0.14438471,-0.13612598,-0.01619448,0.00500000,0.00370000,0.00550000
1996.4600,0.13249584,-0.14229106,-0.02043145,0.00520000,0.00380000,0.00570000
1996.4627,0.13885120,-0.14035588,-0.01395227,0.00510000,0.00400000,0.00570000
1996.4654,0.14450437,-0.14210803,-0.01391935,0.00540000,0.00410000,0.00590000
1996.4682,0.14061841,-0.14228595,-0.01799541,0.00555000,0.00425000,0.00610000
1996.4709,0.14548082,-0.13953826,-0.02127066,0.00550000,0.00435000,0.00620000
1996.4736,0.14199064,-0.13864752,-0.02176619,0.00530000,0.00415000,0.00585000
1996.4764,0.13785053,-0.13656598,-0.03358145,0.00510000,0.00395000,0.00565000
1996.4791,0.13820119,-0.13232240,-0.01154099,0.00490000,0.00390000,0.00560000
1996.4819,0.13767663,-0.13524422,-0.01968067,0.00545000,0.00425000,0.00580000
1996.4846,0.14335847,-0.13872649,-0.00380925,0.00520000,0.00415000,0.00580000
1996.4873,0.13336093,-0.14361164,-0.01939132,0.00550000,0.00440000,0.00600000
1996.4901,0.14333784,-0.14776031,-0.00907525,0.00510000,0.00410000,0.00560000
1996.4928,0.14445285,-0.13836971,-0.01415792,0.00500000,0.00395000,0.00545000
1996.4956,0.14572550,-0.14424454,-0.00806370,0.00540000,0.00420000,0.00590000
1996.4983,0.13811655,-0.14229301,-0.00606683,0.00570000,0.00440000,0.00610000
1996.5010,0.13989773,-0.14397451,-0.00699956,0.00590000,0.00440000,0.00650000
1996.5038,0.15302678,-0.14443358,-0.01078215,0.00560000,0.00420000,0.00620000
1996.5065,0.14357798,-0.14728328,-0.00290527,0.00635000,0.00485000,0.00675000
1996.5092,0.14397010,-0.14428808,-0.01707513,0.00530000,0.00420000,0.00595000
1996.5120,0.13760736,-0.14884872,-0.00326573,0.00600000,0.00440000,0.00620000
1996.5147,0.13821282,-0.14549448,-0.00322699,0.00530000,0.00400000,0.00590000
1996.5175,0.13893427,-0.14197878,-0.00549852,0.00580000,0.00425000,0.00610000
1996.5202,0.13555676,-0.14041380,-0.00061455,0.00580000,0.00450000,0.00610000
1996.5229,0.13739479,-0.14320613,-0.00800733,0.00570000,0.00420000,0.00610000
1996.5257,0.13610037,-0.14067227,-0.00310832,0.00580000,0.00430000,0.00620000
1996.5284,0.14295848,-0.14165916,-0.01216922,0.00580000,0.00430000,0.00600000
1996.5311,0.13793556,-0.14284033,-0.00897513,0.00550000,0.00430000,0.00620000
1996.5339,0.14438845,-0.13441686,-0.02055462,0.00630000,0.00450000,0.00640000
1996.5366,0.13559841,-0.14175067,-0.00895123,0.00570000,0.00420000,0.00630000
1996.5394,0.14057099,-0.14213008,-0.00546264,0.00590000,0.00445000,0.00625000
1996.5421,0.14230422,-0.14075594,0.00539821,0.00570000,0.00420000,0.00630000
1996.5448,0.14808036,-0.14424962,0.00232801,0.00590000,0.00430000,0.00635000
1996.5476,0.13971152,-0.13633348,-0.00713118,0.00515000,0.00400000,0.00585000
1996.5503,0.14061573,-0.14294733,-0.02090371,0.00560000,0.00410000,0.00605000
1996.5530,0.14472764,-0.14216983,-0.01527362,0.00620000,0.00480000,0.00650000
1996.5558,0.14629567,-0.14394387,-0.01628054,0.00575000,0.00395000,0.00605000
1996.5585,0.14456083,-0.14041699,-0.00549106,0.00560000,0.00430000,0.00600000
1996.5613,0.14097913,-0.13726564,-0.00911471,0.00570000,0.00430000,0.00600000
1996.5640,0.13858095,-0.14197552,-0.01109493,0.00520000,0.00390000,0.00560000
1996.5667,0.14386591,-0.14335575,-0.01447804,0.00560000,0.00400000,0.00600000
1996.5695,0.14653533,-0.14081699,-0.01541478,0.00530000,0.00410000,0.00600000
1996.5722,0.14602898,-0.14305974,-0.00702700,0.00595000,0.00460000,0.00625000
1996.5749,0.14446632,-0.14197651,-0.01574939,0.00490000,0.00390000,0.00570000
1996.5777,0.14267889,-0.13975350,-0.01309278,0.00515000,0.00405000,0.00595000
1996.5804,0.15093602,-0.13985221,-0.00656818,0.00570000,0.00430000,0.00630000
1996.5832,0.15690554,-0.14328916,-0.00949703,0.00530000,0.00420000,0.00610000
1996.5859,0.14955390,-0.13898384,-0.01029523,0.00520000,0.00395000,0.00565000
1996.5886,0.15203458,-0.14751594,-0.01221396,0.00550000,0.00430000,0.00590000
1996.5914,0.14092179,-0.14201182,-0.00961464,0.00510000,0.00400000,0.00590000
1996.5941,0.14659599,-0.14208372,-0.01510143,0.00500000,0.00390000,0.00560000
1996.5969,0.14030078,-0.14399176,-0.01003953,0.00505000,0.00395000,0.00570000
1996.5996,0.14207399,-0.14397752,-0.00649558,0.00550000,0.00405000,0.00595000
1996.6023,0.14155373,-0.14442157,-0.00708827,0.00515000,0.00385000,0.00570000
1996.6051,0.14967651,-0.14381106,-0.00246115,0.00600000,0.00450000,0.00625000
1996.6078,0.13948175,-0.14384151,-0.01566981,0.00545000,0.00410000,0.00610000
1996.6105,0.14312531,-0.13697940,-0.00660102,0.00520000,0.00390000,0.00560000
1996.6133,0.14774345,-0.13989567,0.00663301,0.00540000,0.00410000,0.00570000
1996.6160,0.14903519,-0.13518817,-0.01760537,0.00595000,0.00425000,0.00625000
1996.6188,0.14451543,-0.14097692,-0.00931787,0.00595000,0.00450000,0.00620000
1996.6215,0.15039507,-0.14346790,-0.00633550,0.00560000,0.00435000,0.00625000
1996.6242,0.14985538,-0.14089251,-0.00404086,0.00590000,0.00420000,0.00610000
1996.6270,0.14647225,-0.14182081,0.00170579,0.00520000,0.00400000,0.00570000
1996.6297,0.15236808,-0.14364037,-0.01350827,0.00580000,0.00420000,0.00610000
1996.6324,0.13955394,-0.13878245,-0.01024803,0.00580000,0.00430000,0.00620000
1996.6352,0.14154811,-0.13535115,-0.00674905,0.00555000,0.00425000,0.00605000
1996.6379,0.13820858,-0.14098515,-0.00011266,0.00580000,0.00440000,0.00630000
1996.6407,0.14476830,-0.14031807,-0.00837314,0.00590000,0.00430000,0.00620000
1996.6434,0.13679585,-0.14092697,-0.00603803,0.00570000,0.00425000,0.00595000
1996.6461,0.14064345,-0.14231606,-0.00402502,0.00570000,0.00435000,0.00610000
1996.6489,0.14365277,-0.14687195,-0.00818714,0.00540000,0.00420000,0.00590000
1996.6516,0.14262543,-0.14327332,-0.00737024,0.00580000,0.00450000,0.00640000
1996.6543,0.14100548,-0.14670193,-0.00125976,0.00530000,0.00420000,0.00590000
1996.6571,0.14447087,-0.14547204,-0.00236716,0.00520000,0.00420000,0.00580000
1996.6598,0.14863080,-0.14004854,-0.00331252,0.00540000,0.00390000,0.00600000
1996.6626,0.14842326,-0.15058220,-0.01139791,0.00560000,0.00440000,0.00620000
1996.6653,0.14180648,-0.14446915,-0.00265554,0.00585000,0.00430000,0.00625000
1996.6680,0.14408245,-0.14395531,-0.01009303,0.00560000,0.00410000,0.00585000
1996.6708,0.14869838,-0.14331395,-0.00110669,0.00520000,0.00390000,0.00560000
1996.6735,0.14590572,-0.15274226,-0.00144022,0.00510000,0.00390000,0.00560000
1996.6762,0.14321078,-0.14254204,-0.00120801,0.00510000,0.00380000,0.00570000
1996.6790,0.14072209,-0.14368009,-0.00397608,0.00550000,0.00410000,0.00600000
1996.6845,0.14282795,-0.14765517,0.00182222,0.00540000,0.00420000,0.00590000
1996.6872,0.14715054,-0.14313709,0.00577469,0.00530000,0.00420000,0.00610000
1996.6899,0.13798391,-0.14539389,-0.00081232,0.00510000,0.00415000,0.00560000
1996.6927,0.13964372,-0.14349241,-0.00097084,0.00560000,0.00420000,0.00595000
1996.6954,0.14271202,-0.15277165,-0.00479667,0.00570000,0.00410000,0.00590000
1996.6982,0.14627415,-0.14780502,-0.00113412,0.00620000,0.00475000,0.00645000
1996.7009,0.13890092,-0.15066347,0.00295336,0.00525000,0.00415000,0.00605000
1996.7036,0.13945048,-0.14546384,-0.01200386,0.00540000,0.00445000,0.00600000
1996.7064,0.14935783,-0.14692863,-0.01024842,0.00500000,0.00400000,0.00545000
1996.7091,0.14672317,-0.14557740,0.00006861,0.00525000,0.00405000,0.00570000
1996.7118,0.14314473,-0.14859257,0.00726933,0.00560000,0.00440000,0.00580000
1996.7146,0.14071416,-0.14485336,-0.00262308,0.00580000,0.00435000,0.00610000
1996.7173,0.14478440,-0.14565271,-0.00115802,0.00540000,0.00420000,0.00590000
1996.7201,0.14271761,-0.13527288,0.00061256,0.00500000,0.00390000,0.00555000
1996.7228,0.14331874,-0.14138502,-0.01021591,0.00480000,0.00380000,0.00550000
1996.7255,0.14005552,-0.14227221,-0.00398537,0.00500000,0.00410000,0.00550000
1996.7283,0.15022735,-0.14156201,0.00207733,0.00500000,0.00410000,0.00550000
1996.7310,0.14550370,-0.13962878,0.00119934,0.00525000,0.00410000,0.00570000
1996.7337,0.14430094,-0.13987579,0.00836400,0.00490000,0.00380000,0.00530000
1996.7365,0.15046678,-0.14560065,0.00145568,0.00470000,0.00380000,0.00530000
1996.7392,0.14123353,-0.14527417,0.00259458,0.00480000,0.00375000,0.00525000
1996.7420,0.13534574,-0.14038996,-0.00199860,0.00490000,0.00370000,0.00550000
1996.7447,0.14498353,-0.14088812,-0.00084200,0.00470000,0.00370000,0.00510000
1996.7474,0.14689056,-0.14404874,0.01255320,0.00470000,0.00360000,0.00510000
1996.7502,0.14154239,-0.14200255,0.00773015,0.00480000,0.00360000,0.00530000
1996.7529,0.14099560,-0.14528940,0.01195616,0.00480000,0.00350000,0.00525000
1996.7556,0.14459232,-0.14524444,0.00871437,0.00440000,0.00350000,0.00480000
1996.7584,0.14437774,-0.14655866,-0.00264804,0.00450000,0.00355000,0.00490000
1996.7611,0.14545317,-0.14449853,0.00545562,0.00440000,0.00330000,0.00490000
1996.7639,0.14566536,-0.14286962,-0.00212699,0.00415000,0.00330000,0.00460000
1996.7666,0.14526795,-0.14382392,-0.00271817,0.00445000,0.00340000,0.00485000
1996.7693,0.14527080,-0.15014421,-0.00452357,0.00420000,0.00360000,0.00460000
1996.7721,0.15177556,-0.14765817,-0.00126549,0.00430000,0.00340000,0.00470000
1996.7748,0.14564723,-0.14699848,0.00333380,0.00440000,0.00340000,0.00470000
1996.7775,0.15099170,-0.14030785,-0.00669365,0.00430000,0.00330000,0.00470000
1996.7803,0.14486529,-0.14662876,-0.00912869,0.00440000,0.00330000,0.00470000
1996.7830,0.14121644,-0.14764942,-0.01171388,0.00420000,0.00330000,0.00450000
1996.7858,0.14540634,-0.14073991,-0.01888289,0.00470000,0.00380000,0.00510000
1996.7885,0.14123657,-0.13686824,-0.02107613,0.00450000,0.00370000,0.00500000
1996.7912,0.14231066,-0.14578105,-0.01210281,0.00450000,0.00340000,0.00490000
1996.7940,0.14250262,-0.15319916,-0.00396290,0.00465000,0.00375000,0.00520000
1996.7967,0.14767209,-0.14756659,-0.00938253,0.00405000,0.00340000,0.00460000
1996.7995,0.15388689,-0.14437024,-0.01105676,0.00430000,0.00350000,0.00480000
1996.8022,0.15315570,-0.14748273,-0.00787788,0.00470000,0.00380000,0.00520000
1996.8049,0.15037072,-0.14643649,-0.01176479,0.00440000,0.00360000,0.00480000
1996.8104,0.15212844,-0.14398758,-0.00661145,0.00410000,0.00320000,0.00435000
1996.8131,0.15237480,-0.14494234,-0.00694589,0.00430000,0.00345000,0.00470000
1996.8159,0.15605650,-0.14213614,0.00862761,0.00460000,0.00360000,0.00505000
1996.8186,0.15605250,-0.14827159,-0.00480513,0.00470000,0.00375000,0.00525000
1996.8214,0.14674762,-0.14371149,-0.00727654,0.00485000,0.00385000,0.00520000
1996.8241,0.14512938,-0.14453905,-0.00287554,0.00470000,0.00370000,0.00520000
1996.8268,0.15355552,-0.14478666,-0.00810157,0.00450000,0.00350000,0.00480000
1996.8296,0.14919402,-0.14749519,-0.01132517,0.00470000,0.00380000,0.00510000
1996.8323,0.15418322,-0.15266812,-0.00856121,0.00500000,0.00385000,0.00550000
1996.8350,0.15391187,-0.14597751,-0.01037101,0.00450000,0.00350000,0.00500000
1996.8378,0.15504829,-0.15169969,-0.01878882,0.00380000,0.00310000,0.00420000
1996.8405,0.15624350,-0.14702268,-0.01577292,0.00435000,0.00320000,0.00465000
1996.8433,0.15159215,-0.14543841,-0.02169108,0.00450000,0.00335000,0.00480000
1996.8460,0.14789892,-0.14275150,-0.00745605,0.00410000,0.00330000,0.00470000
1996.8487,0.15090489,-0.15107504,-0.01017302,0.00435000,0.00340000,0.00460000
1996.8515,0.15291040,-0.14508993,-0.01439127,0.00460000,0.00380000,0.00500000
1996.8542,0.15138836,-0.14069290,-0.01424306,0.00400000,0.00310000,0.00420000
1996.8569,0.15279659,-0.14089870,-0.02014877,0.00410000,0.00325000,0.00435000
1996.8597,0.15601798,-0.15081337,-0.02423706,0.00390000,0.00310000,0.00430000
1996.8624,0.15903555,-0.14354971,-0.01295709,0.00380000,0.00310000,0.00430000
1996.8652,0.16014378,-0.14509659,-0.01213430,0.00460000,0.00350000,0.00500000
1996.8679,0.16128094,-0.14956095,-0.00329363,0.00440000,0.00340000,0.00470000
1996.8706,0.15747636,-0.14863802,-0.01434511,0.00430000,0.00330000,0.00465000
1996.8761,0.15584032,-0.15021816,-0.00630627,0.00440000,0.00350000,0.00470000
1996.8843,0.15670723,-0.14966406,-0.02564566,0.00430000,0.00350000,0.00480000
1996.8871,0.14481099,-0.15133487,-0.01534012,0.00490000,0.00380000,0.00550000
1996.8898,0.15179953,-0.14776394,-0.00564624,0.00480000,0.00400000,0.00525000
1996.8925,0.15709701,-0.14229896,-0.01531509,0.00470000,0.00385000,0.00510000
1996.8980,0.15991062,-0.14627123,-0.02394755,0.00460000,0.00370000,0.00500000
1996.9008,0.15553401,-0.15063612,-0.01703258,0.00440000,0.00330000,0.00470000
1996.9035,0.15065979,-0.15091803,-0.01183941,0.00425000,0.00330000,0.00470000
1996.9062,0.15138593,-0.14669201,-0.01659686,0.00480000,0.00375000,0.00535000
1996.9090,0.15362215,-0.15162823,-0.01844981,0.00440000,0.00340000,0.00480000
1996.9117,0.15228711,-0.15127571,-0.00407248,0.00410000,0.00340000,0.00455000
1996.9144,0.14740085,-0.14834340,-0.00235031,0.00460000,0.00365000,0.00525000
1996.9172,0.15589646,-0.14356622,-0.02330850,0.00420000,0.00340000,0.00450000
1996.9199,0.15964514,-0.14975443,-0.01894672,0.00450000,0.00350000,0.00510000
1996.9227,0.15710206,-0.14737152,-0.01615964,0.00420000,0.00340000,0.00460000
1996.9254,0.15802408,-0.15305580,-0.02927821,0.00410000,0.00330000,0.00450000
1996.9281,0.16346648,-0.14838889,-0.01238355,0.00410000,0.00320000,0.00440000
1996.9309,0.15825904,-0.15345524,-0.01259245,0.00460000,0.00360000,0.00495000
1996.9336,0.15403854,-0.14882961,-0.00513671,0.00460000,0.00350000,0.00490000
1996.9363,0.15111697,-0.14707966,-0.01696216,0.00410000,0.00340000,0.00470000
1996.9391,0.15301359,-0.14538490,-0.01841798,0.00390000,0.00310000,0.00430000
1996.9418,0.15848045,-0.15068397,-0.02394506,0.00460000,0.00360000,0.00530000
1996.9446,0.15497594,-0.15211848,-0.01022264,0.00545000,0.00430000,0.00620000
1996.9473,0.15442652,-0.15315897,-0.01203334,0.00450000,0.00360000,0.00500000
1996.9500,0.15524960,-0.15018008,-0.01368917,0.00430000,0.00330000,0.00480000
1996.9528,0.15914980,-0.15122235,-0.01313422,0.00430000,0.00330000,0.00470000
1996.9555,0.15666559,-0.15237507,-0.01690087,0.00410000,0.00335000,0.00460000
1996.9582,0.15214374,-0.14829677,-0.01981835,0.00410000,0.00320000,0.00440000
1996.9610,0.15396793,-0.15017881,-0.02317997,0.00400000,0.00330000,0.00440000
1996.9637,0.15260633,-0.15041052,-0.02260816,0.00445000,0.00370000,0.00490000
1996.9665,0.16025224,-0.15267909,-0.02627485,0.00455000,0.00350000,0.00490000
1996.9692,0.15160166,-0.14682447,-0.02248566,0.00430000,0.00330000,0.00480000
1996.9719,0.15693808,-0.14579015,-0.03392134,0.00390000,0.00310000,0.00430000
1996.9747,0.15673788,-0.15046677,-0.02669937,0.00390000,0.00320000,0.00430000
1996.9774,0.15805305,-0.14896382,-0.02154899,0.00450000,0.00350000,0.00510000
1996.9802,0.15275558,-0.15211498,-0.02825080,0.00440000,0.00340000,0.00500000
1996.9829,0.15807526,-0.14916902,-0.01849754,0.00390000,0.00315000,0.00435000
1996.9856,0.15283095,-0.14655816,-0.00878785,0.00400000,0.00310000,0.00460000
1996.9884,0.15425691,-0.14952625,-0.01222119,0.00420000,0.00335000,0.00460000
1996.9938,0.16163280,-0.14657801,-0.02108228,0.00480000,0.00390000,0.00540000
1996.9966,0.16162670,-0.14829899,-0.02641304,0.00410000,0.00340000,0.00480000
1996.9993,0.15590288,-0.14481219,-0.03154304,0.00460000,0.00355000,0.00500000
1997.0021,0.15721516,-0.14881848,-0.02655989,0.00450000,0.00340000,0.00510000
1997.0130,0.15285523,-0.14910329,-0.02619774,0.00430000,0.00350000,0.00470000
1997.0157,0.14760164,-0.14809053,-0.02135848,0.00470000,0.00380000,0.00520000
1997.0185,0.15582913,-0.15467702,-0.03487739,0.00480000,0.00400000,0.00520000
1997.0212,0.14995951,-0.15048508,-0.02808831,0.00480000,0.00400000,0.00530000
1997.0240,0.15768871,-0.15321612,-0.03067941,0.00410000,0.00320000,0.00460000
1997.0267,0.15674940,-0.15472245,-0.02636841,0.00390000,0.00310000,0.00440000
1997.0294,0.15849621,-0.15708653,-0.03619121,0.00460000,0.00340000,0.00490000
1997.0322,0.15676445,-0.15417228,-0.03316423,0.00415000,0.00320000,0.00460000
1997.0349,0.15633050,-0.14765031,-0.03253185,0.00450000,0.00360000,0.00490000
1997.0376,0.15987163,-0.14970562,-0.01971146,0.00495000,0.00390000,0.00535000
1997.0404,0.15301315,-0.15361995,-0.02306959,0.00430000,0.00330000,0.00470000
1997.0431,0.15082184,-0.15245228,-0.01099487,0.00460000,0.00360000,0.00490000
1997.0459,0.15660172,-0.14971027,-0.01989075,0.00420000,0.00320000,0.00475000
1997.0486,0.15520879,-0.15107982,-0.02126213,0.00415000,0.00330000,0.00450000
1997.0513,0.14981094,-0.14943395,-0.02271928,0.00430000,0.00320000,0.00480000
1997.0541,0.15643265,-0.15307866,-0.01962490,0.00450000,0.00325000,0.00470000
1997.0568,0.15024720,-0.15028756,-0.02749552,0.00490000,0.00390000,0.00530000
1997.0595,0.14949108,-0.15313455,-0.02263613,0.00410000,0.00325000,0.00460000
1997.0623,0.15628319,-0.15074899,-0.02449974,0.00430000,0.00340000,0.00470000
1997.0650,0.15738081,-0.15264808,-0.02623033,0.00500000,0.00380000,0.00550000
1997.0678,0.15600420,-0.14824324,-0.01522806,0.00420000,0.00330000,0.00460000
1997.0705,0.15802715,-0.15551695,-0.02631143,0.00465000,0.00365000,0.00500000
1997.0732,0.15543920,-0.15452117,-0.03898991,0.00520000,0.00410000,0.00570000
1997.0760,0.15249953,-0.15339515,-0.01940944,0.00465000,0.00355000,0.00495000
1997.0787,0.15586767,-0.15244730,-0.02367831,0.00410000,0.00320000,0.00460000
1997.0815,0.15507937,-0.15235743,-0.02679406,0.00440000,0.00370000,0.00510000
1997.0842,0.15481775,-0.15247469,-0.02318472,0.00460000,0.00370000,0.00500000
1997.0869,0.15718971,-0.15455549,-0.02597499,0.00360000,0.00300000,0.00390000
1997.0897,0.15886302,-0.14870238,-0.02366471,0.00430000,0.00335000,0.00460000
1997.0924,0.16374438,-0.14887533,-0.01980712,0.00390000,0.00300000,0.00430000
1997.0951,0.15607387,-0.15279929,-0.01959075,0.00370000,0.00290000,0.00390000
1997.0979,0.15177252,-0.15044855,-0.01853690,0.00400000,0.00325000,0.00435000
1997.1006,0.15993174,-0.14938028,-0.01425862,0.00400000,0.00320000,0.00440000
1997.1034,0.15855998,-0.15301694,-0.02021853,0.00350000,0.00280000,0.00400000
1997.1061,0.15563412,-0.15022595,-0.02420384,0.00360000,0.00280000,0.00380000
1997.1088,0.15686752,-0.15520729,-0.02306665,0.00360000,0.00280000,0.00390000
1997.1116,0.15179288,-0.15581951,-0.02145087,0.00370000,0.00280000,0.00400000
1997.1143,0.16375592,-0.15475219,-0.02210346,0.00390000,0.00310000,0.00430000
1997.1170,0.15753987,-0.15494936,-0.02148592,0.00400000,0.00305000,0.00440000
1997.1198,0.15759618,-0.15497246,-0.01930949,0.00380000,0.00295000,0.00410000
1997.1225,0.16106356,-0.15754919,-0.01662543,0.00400000,0.00320000,0.00450000
1997.1253,0.15601517,-0.15508854,-0.02361121,0.00390000,0.00300000,0.00425000
1997.1280,0.15842190,-0.15446393,-0.02694856,0.00385000,0.00300000,0.00425000
1997.1307,0.16113069,-0.15250868,-0.03042370,0.00370000,0.00300000,0.00420000
1997.1335,0.16418740,-0.15517979,-0.03550156,0.00420000,0.00350000,0.00470000
1997.1362,0.15333455,-0.15566064,-0.02948101,0.00400000,0.00325000,0.00445000
1997.1389,0.15654138,-0.15748962,-0.02418662,0.00370000,0.00300000,0.00410000
1997.1417,0.15284682,-0.15574040,-0.01422249,0.00440000,0.00350000,0.00480000
1997.1444,0.16013423,-0.15658893,-0.00944426,0.00370000,0.00280000,0.00400000
1997.1472,0.15955026,-0.15527640,-0.01566186,0.00380000,0.00290000,0.00410000
1997.1499,0.15598961,-0.15455607,-0.02586717,0.00360000,0.00280000,0.00400000
1997.1526,0.16109829,-0.15389112,-0.01727233,0.00450000,0.00350000,0.00480000
1997.1554,0.15109384,-0.15362090,-0.01544913,0.00480000,0.00360000,0.00515000
1997.1581,0.14923810,-0.15855266,-0.02121800,0.00425000,0.00335000,0.00450000
1997.1608,0.15254983,-0.16105195,-0.01822445,0.00425000,0.00350000,0.00460000
1997.1636,0.15977470,-0.15488111,-0.01532284,0.00510000,0.00400000,0.00540000
1997.1663,0.15540711,-0.15661116,-0.01836205,0.00415000,0.00350000,0.00450000
1997.1691,0.15668715,-0.15730479,-0.01021205,0.00430000,0.00340000,0.00470000
1997.1718,0.16189700,-0.16107310,-0.02107721,0.00420000,0.00330000,0.00460000
1997.1745,0.15819096,-0.15451117,-0.02571554,0.00440000,0.00340000,0.00480000
1997.1773,0.15940730,-0.15809438,-0.02518988,0.00410000,0.00320000,0.00430000
1997.1800,0.16344668,-0.15467497,-0.02543652,0.00395000,0.00320000,0.00435000
1997.1828,0.16813904,-0.15304129,-0.02184804,0.00400000,0.00330000,0.00440000
1997.1855,0.16780784,-0.15741173,-0.02877751,0.00385000,0.00310000,0.00425000
1997.1882,0.16653039,-0.15793148,-0.02086213,0.00390000,0.00310000,0.00410000
1997.1910,0.16377782,-0.15500118,-0.02032223,0.00385000,0.00310000,0.00405000
1997.1937,0.15921334,-0.15659990,-0.01703047,0.00370000,0.00300000,0.00405000
1997.1964,0.16270982,-0.15248821,-0.02124872,0.00390000,0.00320000,0.00430000
1997.1992,0.16521366,-0.15920538,-0.02129669,0.00430000,0.00330000,0.00465000
1997.2019,0.16239255,-0.15688097,-0.01655558,0.00420000,0.00320000,0.00440000
1997.2047,0.15710262,-0.15548134,-0.00784064,0.00415000,0.00335000,0.00445000
1997.2074,0.16114736,-0.15397717,-0.01326819,0.00390000,0.00320000,0.00430000
1997.2101,0.16298526,-0.15446716,-0.02768900,0.00450000,0.00365000,0.00505000
1997.2129,0.16080756,-0.15606035,-0.01214621,0.00390000,0.00320000,0.00420000
1997.2156,0.16349666,-0.15993500,-0.02112266,0.00370000,0.00300000,0.00400000
1997.2183,0.16261618,-0.15740923,-0.02461601,0.00400000,0.00310000,0.00430000
1997.2211,0.16814355,-0.15832757,-0.01841110,0.00380000,0.00310000,0.00400000
1997.2238,0.17293912,-0.15604797,-0.02390910,0.00410000,0.00320000,0.00420000
1997.2266,0.15933219,-0.15437921,-0.02964759,0.00440000,0.00350000,0.00480000
1997.2293,0.15915906,-0.15978498,-0.02727875,0.00430000,0.00340000,0.00450000
1997.2320,0.16188327,-0.15743138,-0.03472599,0.00450000,0.00340000,0.00480000
1997.2348,0.15913486,-0.15604474,-0.03451963,0.00390000,0.00330000,0.00430000
1997.2375,0.16195448,-0.15344390,-0.02866566,0.00480000,0.00355000,0.00510000
1997.2402,0.16342290,-0.16022882,-0.03441102,0.00435000,0.00330000,0.00455000
1997.2430,0.16332855,-0.15733052,-0.02843969,0.00405000,0.00320000,0.00430000
1997.2457,0.16383256,-0.16125949,-0.03619687,0.00405000,0.00315000,0.00435000
1997.2485,0.16092913,-0.15805154,-0.03815023,0.00510000,0.00370000,0.00535000
1997.2512,0.15881664,-0.15563698,-0.03353595,0.00410000,0.00340000,0.00450000
1997.2539,0.16371213,-0.15767215,-0.03278267,0.00400000,0.00330000,0.00440000
1997.2567,0.15710364,-0.15732253,-0.03234861,0.00480000,0.00350000,0.00520000
1997.2594,0.15785292,-0.15579630,-0.03895009,0.00440000,0.00350000,0.00490000
1997.2621,0.15804581,-0.15019543,-0.03490120,0.00445000,0.00340000,0.00460000
1997.2649,0.15770689,-0.15565970,-0.03134862,0.00430000,0.00340000,0.00450000
1997.2676,0.15916275,-0.15510784,-0.03898033,0.00440000,0.00345000,0.00485000
1997.2704,0.15951985,-0.16107753,-0.03574871,0.00420000,0.00340000,0.00450000
1997.2731,0.15831706,-0.15656492,-0.02848415,0.00465000,0.00345000,0.00500000
1997.2758,0.16108373,-0.15793221,-0.02846044,0.00450000,0.00350000,0.00480000
1997.2786,0.15570979,-0.15660861,-0.02955319,0.00420000,0.00335000,0.00430000
1997.2813,0.16121942,-0.15189907,-0.02617257,0.00390000,0.00320000,0.00410000
1997.2841,0.15654179,-0.16021669,-0.03297309,0.00400000,0.00315000,0.00430000
1997.2868,0.15695669,-0.16293092,-0.02285082,0.00390000,0.00310000,0.00425000
1997.2895,0.16638567,-0.15448842,-0.02943293,0.00405000,0.00310000,0.00435000
1997.2923,0.16236040,-0.15869729,-0.02300065,0.00400000,0.00325000,0.00425000
1997.2950,0.16003200,-0.15969301,-0.02016374,0.00460000,0.00350000,0.00510000
1997.2977,0.16119162,-0.16440171,-0.02279292,0.00415000,0.00335000,0.00470000
1997.3005,0.15669210,-0.15934926,-0.02272542,0.00420000,0.00325000,0.00455000
1997.3032,0.15587892,-0.16062008,-0.02671676,0.00430000,0.00340000,0.00480000
1997.3087,0.16304269,-0.16799986,-0.02071399,0.00490000,0.00370000,0.00530000
1997.3114,0.16981958,-0.16926885,-0.01628076,0.00470000,0.00355000,0.00525000
1997.3142,0.16868127,-0.16404114,-0.01786650,0.00445000,0.00350000,0.00485000
1997.3169,0.16255925,-0.16409791,-0.01250246,0.00440000,0.00340000,0.00470000
1997.3196,0.16496853,-0.16720624,-0.00524124,0.00405000,0.00310000,0.00450000
1997.3224,0.16320796,-0.16437557,-0.01549257,0.00445000,0.00350000,0.00495000
1997.3251,0.16333259,-0.16286434,-0.01935328,0.00435000,0.00345000,0.00495000
1997.3279,0.16420090,-0.16629917,-0.01804772,0.00445000,0.00340000,0.00480000
1997.3306,0.16842433,-0.16405867,-0.02423826,0.00405000,0.00315000,0.00450000
1997.3333,0.16036251,-0.16380239,-0.02295800,0.00470000,0.00380000,0.00500000
1997.3361,0.15804750,-0.16080699,-0.03313506,0.00400000,0.00330000,0.00440000
1997.3388,0.16178486,-0.16299777,-0.04228061,0.00450000,0.00340000,0.00490000
1997.3415,0.16331100,-0.16319163,-0.03004349,0.00450000,0.00340000,0.00480000
1997.3443,0.16797512,-0.16279337,-0.03161580,0.00420000,0.00330000,0.00450000
1997.3470,0.16611018,-0.16280420,-0.03657333,0.00420000,0.00315000,0.00465000
1997.3498,0.16449592,-0.16204013,-0.03951860,0.00450000,0.00340000,0.00460000
1997.3525,0.15997778,-0.16567054,-0.03525366,0.00430000,0.00320000,0.00470000
1997.3552,0.16307578,-0.16633615,-0.03218004,0.00450000,0.00330000,0.00480000
1997.3580,0.16503121,-0.16015430,-0.02652401,0.00445000,0.00330000,0.00465000
1997.3607,0.16120344,-0.15919795,-0.02869734,0.00470000,0.00360000,0.00490000
1997.3634,0.16586947,-0.16026628,-0.02613115,0.00450000,0.00350000,0.00480000
1997.3662,0.16685677,-0.16031426,-0.02879845,0.00460000,0.00340000,0.00495000
1997.3689,0.16169712,-0.15945258,-0.01980965,0.00465000,0.00335000,0.00495000
1997.3717,0.15895535,-0.15948402,-0.01717381,0.00480000,0.00360000,0.00510000
1997.3744,0.16377779,-0.16094896,-0.02432645,0.00445000,0.00350000,0.00485000
1997.3771,0.16189323,-0.15910059,-0.02362045,0.00495000,0.00375000,0.00540000
1997.3799,0.16085117,-0.16027378,-0.02004121,0.00470000,0.00350000,0.00520000
1997.3826,0.16755177,-0.16063959,-0.02345515,0.00455000,0.00340000,0.00505000
1997.3854,0.15677908,-0.15886412,-0.01748290,0.00465000,0.00355000,0.00510000
1997.3881,0.16200428,-0.16043704,-0.01968431,0.00410000,0.00330000,0.00470000
1997.3908,0.16143735,-0.15511597,-0.01698131,0.00450000,0.00370000,0.00515000
1997.3936,0.15793630,-0.16613524,-0.01965653,0.00445000,0.00345000,0.00540000
1997.3963,0.17013569,-0.15808961,-0.02345572,0.00500000,0.00390000,0.00530000
1997.3990,0.16791757,-0.16099482,-0.01268553,0.00450000,0.00370000,0.00490000
1997.4018,0.16388785,-0.15630941,-0.02118665,0.00500000,0.00380000,0.00560000
1997.4045,0.16166375,-0.16167595,-0.02831201,0.00485000,0.00375000,0.00530000
1997.4073,0.17358933,-0.16197078,-0.02539441,0.00480000,0.00370000,0.00525000
1997.4127,0.16583640,-0.16339233,-0.01480081,0.00430000,0.00340000,0.00490000
1997.4155,0.16685368,-0.16486426,-0.00947566,0.00500000,0.00375000,0.00550000
1997.4182,0.16877834,-0.16608475,-0.01653649,0.00460000,0.00360000,0.00520000
1997.4209,0.16927913,-0.16440027,-0.02183300,0.00480000,0.00380000,0.00530000
1997.4237,0.16207824,-0.16315589,-0.01011632,0.00460000,0.00370000,0.00530000
1997.4264,0.16578070,-0.16402306,-0.02181083,0.00450000,0.00350000,0.00510000
1997.4292,0.16425658,-0.16107003,-0.02151119,0.00465000,0.00355000,0.00510000
1997.4319,0.17062237,-0.16111101,-0.02052301,0.00510000,0.00405000,0.00550000
1997.4346,0.16308607,-0.16483104,-0.02407362,0.00495000,0.00365000,0.00545000
1997.4374,0.15813164,-0.16645944,-0.01970469,0.00455000,0.00340000,0.00500000
1997.4401,0.15527469,-0.16544822,-0.02838612,0.00490000,0.00370000,0.00530000
1997.4428,0.15257427,-0.16822349,-0.02143265,0.00460000,0.00330000,0.00500000
1997.4456,0.16343873,-0.17062156,-0.03370819,0.00500000,0.00375000,0.00550000
1997.4483,0.16469122,-0.16297400,-0.02821110,0.00460000,0.00360000,0.00520000
1997.4511,0.15919062,-0.15969006,-0.01641049,0.00485000,0.00385000,0.00550000
1997.4538,0.15509375,-0.16623782,-0.02467974,0.00480000,0.00350000,0.00510000
1997.4565,0.15945664,-0.16996407,-0.02355644,0.00450000,0.00350000,0.00520000
1997.4593,0.15398521,-0.16572750,-0.02957089,0.00445000,0.00350000,0.00500000
1997.4620,0.15532280,-0.16407124,-0.01623075,0.00485000,0.00365000,0.00530000
1997.4648,0.15567234,-0.16598030,-0.02671510,0.00430000,0.00345000,0.00535000
1997.4675,0.15630570,-0.16576907,-0.01303416,0.00470000,0.00365000,0.00525000
1997.4702,0.15338589,-0.16336475,-0.01462044,0.00465000,0.00350000,0.00510000
1997.4730,0.15952176,-0.16659832,-0.01319851,0.00470000,0.00350000,0.00500000
1997.4757,0.15796933,-0.16595333,-0.02346735,0.00490000,0.00380000,0.00530000
1997.4784,0.16656766,-0.16606447,-0.00945154,0.00470000,0.00370000,0.00510000
1997.4812,0.16967592,-0.16487747,-0.01650295,0.00445000,0.00345000,0.00485000
1997.4839,0.17393107,-0.16158195,-0.01164185,0.00435000,0.00340000,0.00480000
1997.4867,0.16876287,-0.15756502,-0.01920469,0.00450000,0.00360000,0.00500000
1997.4894,0.16781582,-0.15751288,-0.01148767,0.00465000,0.00370000,0.00505000
1997.4921,0.16440651,-0.16048927,-0.02062655,0.00435000,0.00350000,0.00475000
1997.4949,0.16907526,-0.16169686,-0.01901297,0.00465000,0.00350000,0.00530000
1997.4976,0.16403293,-0.16121433,-0.02419055,0.00465000,0.00360000,0.00515000
1997.5003,0.16116451,-0.15999778,-0.03002949,0.00420000,0.00350000,0.00480000
1997.5031,0.15548326,-0.16442234,-0.02438274,0.00470000,0.00360000,0.00505000
1997.5058,0.16985427,-0.16321706,-0.01033060,0.00440000,0.00340000,0.00470000
1997.5086,0.17032913,-0.16229490,-0.01671776,0.00450000,0.00350000,0.00470000
1997.5113,0.16878265,-0.16451677,-0.01168878,0.00490000,0.00380000,0.00540000
1997.5140,0.17171833,-0.16247862,-0.00593075,0.00470000,0.00360000,0.00530000
1997.5168,0.15315329,-0.16493416,-0.01467494,0.00470000,0.00350000,0.00540000
1997.5195,0.16846711,-0.16985957,-0.01859932,0.00495000,0.00370000,0.00540000
1997.5222,0.16821093,-0.16912328,-0.00963505,0.00525000,0.00390000,0.00570000
1997.5250,0.17585590,-0.16250976,-0.00823447,0.00520000,0.00390000,0.00580000
1997.5277,0.16814019,-0.16217020,-0.02079180,0.00485000,0.00375000,0.00530000
1997.5305,0.16836844,-0.16162846,-0.01843299,0.00470000,0.00350000,0.00520000
1997.5332,0.16728017,-0.16321422,-0.02029612,0.00445000,0.00355000,0.00505000
1997.5359,0.16502074,-0.15974983,-0.02038303,0.00505000,0.00385000,0.00550000
1997.5387,0.16846911,-0.16876290,-0.02151278,0.00505000,0.00410000,0.00550000
1997.5414,0.16563573,-0.16865165,-0.01441321,0.00500000,0.00380000,0.00550000
1997.5441,0.17104337,-0.16245642,-0.01809881,0.00510000,0.00410000,0.00560000
1997.5469,0.16576601,-0.17233221,-0.00923926,0.00580000,0.00470000,0.00615000
1997.5496,0.17105796,-0.16828230,-0.01755689,0.00470000,0.00360000,0.00530000
1997.5524,0.16843028,-0.16811291,-0.01396439,0.00440000,0.00380000,0.00490000
1997.5551,0.16971861,-0.16893242,-0.01021790,0.00465000,0.00390000,0.00515000
1997.5578,0.17026594,-0.17100501,-0.01015770,0.00530000,0.00420000,0.00570000
1997.5606,0.17223187,-0.17053334,-0.01157972,0.00550000,0.00430000,0.00590000
1997.5633,0.17817744,-0.16806333,-0.00864995,0.00490000,0.00360000,0.00560000
1997.5661,0.17545207,-0.16693666,-0.00672169,0.00550000,0.00440000,0.00610000
1997.5688,0.17103844,-0.16831413,-0.00779005,0.00520000,0.00430000,0.00550000
1997.5715,0.17293424,-0.17361228,-0.00859688,0.00500000,0.00390000,0.00550000
1997.5743,0.17103775,-0.17038147,-0.00923807,0.00500000,0.00360000,0.00540000
1997.5770,0.17299300,-0.16624883,-0.00734345,0.00485000,0.00380000,0.00550000
1997.5797,0.16928314,-0.16681208,-0.00546106,0.00540000,0.00390000,0.00590000
1997.5825,0.16473995,-0.16836778,-0.01763978,0.00470000,0.00360000,0.00520000
1997.5852,0.16875820,-0.16751865,-0.00407383,0.00470000,0.00360000,0.00520000
1997.5880,0.16339294,-0.16855148,0.00090741,0.00485000,0.00370000,0.00530000
1997.5907,0.16275253,-0.16744031,-0.00029607,0.00490000,0.00390000,0.00540000
1997.5934,0.16495893,-0.16372084,-0.00279431,0.00500000,0.00400000,0.00560000
1997.5962,0.16085349,-0.15932035,0.00140874,0.00545000,0.00390000,0.00585000
1997.5989,0.16590228,-0.16592758,-0.00639923,0.00560000,0.00430000,0.00630000
1997.6016,0.16229358,-0.17134645,-0.01062155,0.00540000,0.00435000,0.00570000
1997.6044,0.17066746,-0.16394632,-0.01610470,0.00520000,0.00405000,0.00560000
1997.6071,0.15576275,-0.16600119,-0.00658860,0.00505000,0.00395000,0.00565000
1997.6099,0.16958777,-0.16473724,-0.02511231,0.00510000,0.00380000,0.00570000
1997.6126,0.16456784,-0.17083593,-0.01798253,0.00485000,0.00370000,0.00530000
1997.6153,0.16361894,-0.16316628,-0.01372263,0.00505000,0.00380000,0.00540000
1997.6181,0.16667571,-0.16392097,-0.01196150,0.00490000,0.00380000,0.00530000
1997.6208,0.17941726,-0.16378095,-0.01095849,0.00500000,0.00370000,0.00560000
1997.6235,0.17464495,-0.16695080,-0.02077173,0.00480000,0.00370000,0.00530000
1997.6263,0.17570753,-0.16727192,-0.02367421,0.00500000,0.00390000,0.00520000
1997.6290,0.17399600,-0.16918528,-0.02795845,0.00545000,0.00415000,0.00590000
1997.6318,0.17452506,-0.16320342,-0.01734725,0.00570000,0.00405000,0.00605000
1997.6345,0.17614384,-0.16757295,-0.02580406,0.00545000,0.00430000,0.00600000
1997.6372,0.17083838,-0.16918115,-0.01527306,0.00490000,0.00370000,0.00590000
1997.6400,0.17338375,-0.17156076,-0.02095478,0.00500000,0.00370000,0.00560000
1997.6427,0.17300832,-0.16680130,-0.01375472,0.00520000,0.00400000,0.00580000
1997.6454,0.17817786,-0.16613048,-0.03044559,0.00525000,0.00380000,0.00580000
1997.6482,0.17454477,-0.16544554,-0.01499368,0.00480000,0.00375000,0.00515000
1997.6509,0.17644222,-0.17258231,-0.02098044,0.00470000,0.00380000,0.00510000
1997.6537,0.17921167,-0.16807480,-0.01505524,0.00500000,0.00380000,0.00530000
1997.6564,0.17671185,-0.17090558,-0.02988612,0.00490000,0.00370000,0.00530000
1997.6591,0.17578429,-0.16945297,-0.01967999,0.00480000,0.00390000,0.00510000
1997.6619,0.17707360,-0.17216617,-0.01824425,0.00545000,0.00415000,0.00580000
1997.6646,0.17657529,-0.17028520,-0.02313915,0.00490000,0.00375000,0.00525000
1997.6674,0.17129429,-0.16902971,-0.02273592,0.00510000,0.00410000,0.00555000
1997.6701,0.16968081,-0.17355486,-0.01679579,0.00500000,0.00390000,0.00560000
1997.6728,0.17311485,-0.16805068,-0.01596125,0.00520000,0.00410000,0.00580000
1997.6756,0.17093205,-0.17493747,-0.02027407,0.00460000,0.00370000,0.00500000
1997.6783,0.17324241,-0.17018926,-0.01990545,0.00465000,0.00370000,0.00540000
1997.6810,0.17807152,-0.16966227,-0.01709743,0.00535000,0.00415000,0.00575000
1997.6838,0.17221765,-0.16945374,-0.02988484,0.00525000,0.00425000,0.00560000
1997.6865,0.17211458,-0.16856558,-0.02514547,0.00480000,0.00390000,0.00510000
1997.6893,0.17566046,-0.17005535,-0.01604001,0.00515000,0.00400000,0.00560000
1997.6920,0.17687815,-0.16829293,-0.02036272,0.00490000,0.00375000,0.00540000
1997.6947,0.17671447,-0.16644486,-0.01913643,0.00490000,0.00380000,0.00530000
1997.6975,0.17708807,-0.16519118,-0.02337795,0.00510000,0.00400000,0.00555000
1997.7002,0.17211703,-0.17349964,-0.01855860,0.00430000,0.00350000,0.00480000
1997.7029,0.17055787,-0.17534766,-0.02033591,0.00465000,0.00370000,0.00500000
1997.7057,0.17689868,-0.17188189,-0.00764189,0.00465000,0.00375000,0.00525000
1997.7084,0.17873759,-0.17271910,-0.01151054,0.00510000,0.00385000,0.00585000
1997.7112,0.17796031,-0.17396145,-0.00462779,0.00490000,0.00390000,0.00500000
1997.7139,0.17097952,-0.17277875,-0.00928345,0.00480000,0.00380000,0.00545000
1997.7166,0.17279097,-0.17495423,-0.00855835,0.00570000,0.00500000,0.00630000
1997.7194,0.17943592,-0.17031986,-0.01521350,0.00480000,0.00380000,0.00520000
1997.7221,0.17434391,-0.17163266,-0.00699214,0.00460000,0.00390000,0.00555000
1997.7248,0.18318031,-0.16640513,-0.00994534,0.00435000,0.00340000,0.00470000
1997.7276,0.17762762,-0.17307624,-0.00882483,0.00430000,0.00320000,0.00460000
1997.7303,0.17414712,-0.17317514,-0.01165987,0.00410000,0.00325000,0.00460000
1997.7331,0.17565521,-0.17586114,-0.01673541,0.00460000,0.00380000,0.00520000
1997.7358,0.17574064,-0.17110819,-0.00969495,0.00500000,0.00395000,0.00545000
1997.7385,0.17415553,-0.17050501,-0.01433267,0.00525000,0.00410000,0.00565000
1997.7413,0.17519850,-0.17064492,-0.01913919,0.00490000,0.00390000,0.00520000
1997.7440,0.17709818,-0.17519126,-0.02677121,0.00450000,0.00360000,0.00500000
1997.7467,0.17887060,-0.17031298,-0.02232878,0.00430000,0.00340000,0.00490000
1997.7495,0.17615055,-0.17564102,-0.02000946,0.00470000,0.00370000,0.00520000
1997.7522,0.16879448,-0.17263696,-0.02642000,0.00475000,0.00350000,0.00515000
1997.7550,0.17520337,-0.17258404,-0.02473438,0.00450000,0.00350000,0.00480000
1997.7577,0.17376464,-0.17302043,-0.01777034,0.00440000,0.00350000,0.00490000
1997.7604,0.17513033,-0.16843586,-0.02832227,0.00430000,0.00325000,0.00465000
1997.7632,0.18207992,-0.17056585,-0.01746121,0.00420000,0.00325000,0.00470000
1997.7659,0.17552114,-0.17491362,-0.02822880,0.00450000,0.00360000,0.00490000
1997.7687,0.17660769,-0.17169705,-0.01138682,0.00530000,0.00400000,0.00560000
1997.7714,0.17384408,-0.17089425,-0.01697284,0.00440000,0.00350000,0.00500000
1997.7741,0.17595464,-0.17755953,-0.02239224,0.00430000,0.00330000,0.00465000
1997.7769,0.18122465,-0.17097698,-0.01339983,0.00470000,0.00380000,0.00520000
1997.7796,0.16923408,-0.17336555,-0.01472312,0.00565000,0.00415000,0.00600000
1997.7823,0.18363925,-0.17834673,-0.00291520,0.00415000,0.00325000,0.00445000
1997.7851,0.18038145,-0.17993844,-0.00999626,0.00400000,0.00310000,0.00440000
1997.7878,0.17327886,-0.17768990,-0.00784896,0.00400000,0.00300000,0.00440000
1997.7906,0.17529808,-0.17660445,-0.01518527,0.00380000,0.00300000,0.00420000
1997.7933,0.17831794,-0.17777910,-0.01332849,0.00380000,0.00300000,0.00430000
1997.7960,0.17913882,-0.17946940,-0.01458185,0.00375000,0.00290000,0.00415000
1997.7988,0.17343984,-0.17643761,-0.01810571,0.00390000,0.00300000,0.00420000
1997.8015,0.16784276,-0.17294198,-0.01589818,0.00380000,0.00290000,0.00420000
1997.8042,0.17797203,-0.17148124,-0.00901998,0.00405000,0.00320000,0.00450000
1997.8070,0.17385578,-0.17279245,-0.01659494,0.00400000,0.00330000,0.00450000
1997.8097,0.18172221,-0.17229923,-0.00838027,0.00430000,0.00335000,0.00460000
1997.8125,0.17422785,-0.16982250,-0.00642534,0.00410000,0.00310000,0.00450000
1997.8152,0.18209172,-0.17495367,-0.00423563,0.00430000,0.00340000,0.00480000
1997.8179,0.18019709,-0.17518590,-0.00817460,0.00430000,0.00340000,0.00475000
1997.8207,0.17792642,-0.17541483,-0.02280717,0.00400000,0.00310000,0.00430000
1997.8234,0.18079563,-0.17663328,-0.01547162,0.00405000,0.00320000,0.00460000
1997.8261,0.18088883,-0.17469361,-0.01404643,0.00430000,0.00330000,0.00460000
1997.8289,0.18000371,-0.17136746,-0.01687308,0.00445000,0.00350000,0.00490000
1997.8316,0.17963087,-0.17374282,-0.00933719,0.00440000,0.00340000,0.00470000
1997.8344,0.18135346,-0.17338571,-0.01280117,0.00430000,0.00335000,0.00470000
1997.8371,0.17520391,-0.17282613,-0.01251213,0.00440000,0.00340000,0.00460000
1997.8398,0.17518364,-0.17342565,-0.01120162,0.00410000,0.00320000,0.00435000
1997.8426,0.17189026,-0.17376265,-0.02498697,0.00420000,0.00320000,0.00460000
1997.8453,0.17885427,-0.17276252,-0.02265317,0.00430000,0.00320000,0.00470000
1997.8480,0.17783692,-0.17519837,-0.01809875,0.00440000,0.00335000,0.00480000
1997.8508,0.17643243,-0.17449902,-0.00533654,0.00440000,0.00340000,0.00480000
1997.8535,0.18203313,-0.17764110,-0.01365388,0.00440000,0.00350000,0.00495000
1997.8563,0.17996292,-0.17598449,-0.01370643,0.00410000,0.00330000,0.00460000
1997.8590,0.18562948,-0.16976292,-0.00263074,0.00405000,0.00335000,0.00450000
1997.8617,0.17709821,-0.17106486,-0.00736342,0.00480000,0.00380000,0.00530000
1997.8645,0.18349187,-0.16692017,-0.01495453,0.00480000,0.00380000,0.00520000
1997.8672,0.18278570,-0.16482773,-0.00766021,0.00390000,0.00310000,0.00430000
1997.8700,0.17560688,-0.16544095,-0.00738652,0.00475000,0.00380000,0.00505000
1997.8727,0.17928487,-0.17039611,-0.00170869,0.00460000,0.00365000,0.00520000
1997.8754,0.18007868,-0.17188661,-0.00638304,0.00440000,0.00360000,0.00480000
1997.8782,0.18119692,-0.17782298,0.00755939,0.00440000,0.00340000,0.00490000
1997.8809,0.18576764,-0.17104970,0.00404603,0.00410000,0.00330000,0.00450000
1997.8836,0.18234705,-0.17222736,0.00789307,0.00420000,0.00315000,0.00450000
1997.8864,0.18467464,-0.17403642,-0.00523680,0.00445000,0.00350000,0.00495000
1997.8891,0.17962195,-0.17604419,-0.01531988,0.00460000,0.00370000,0.00475000
1997.8919,0.18538700,-0.17713438,-0.00809358,0.00420000,0.00330000,0.00460000
1997.8946,0.18310802,-0.17141847,-0.01526470,0.00465000,0.00360000,0.00505000
1997.8973,0.18494517,-0.17405162,-0.00060662,0.00490000,0.00370000,0.00530000
1997.9001,0.18016104,-0.17658981,0.00402495,0.00460000,0.00360000,0.00500000
1997.9028,0.17901224,-0.17789036,-0.00774289,0.00460000,0.00360000,0.00500000
1997.9055,0.17864413,-0.17050462,-0.00445304,0.00570000,0.00455000,0.00605000
1997.9083,0.18867910,-0.18038352,-0.01131181,0.00465000,0.00370000,0.00510000
1997.9110,0.19082591,-0.17954825,-0.01202616,0.00395000,0.00320000,0.00450000
1997.9138,0.18625434,-0.17829416,-0.00443137,0.00435000,0.00340000,0.00475000
1997.9165,0.18261253,-0.17902279,-0.02006690,0.00455000,0.00365000,0.00490000
1997.9192,0.18207589,-0.18039305,-0.01517101,0.00450000,0.00360000,0.00500000
1997.9220,0.18751976,-0.17949413,-0.01535322,0.00390000,0.00315000,0.00430000
1997.9247,0.18285184,-0.17891808,-0.01248948,0.00440000,0.00345000,0.00470000
1997.9274,0.18587388,-0.17864805,-0.00660224,0.00390000,0.00310000,0.00430000
1997.9302,0.18348335,-0.17991141,-0.00626287,0.00410000,0.00320000,0.00450000
1997.9329,0.18213771,-0.17584459,-0.00163503,0.00495000,0.00405000,0.00540000
1997.9357,0.18636363,-0.17900481,-0.00173513,0.00430000,0.00340000,0.00460000
1997.9384,0.18928520,-0.17683315,-0.01513077,0.00475000,0.00410000,0.00515000
1997.9411,0.18607746,-0.17668374,-0.01905199,0.00420000,0.00330000,0.00440000
1997.9439,0.19092121,-0.18104481,-0.00984927,0.00420000,0.00330000,0.00440000
1997.9466,0.18723202,-0.17408482,-0.01426338,0.00410000,0.00310000,0.00450000
1997.9493,0.18926526,-0.17423380,-0.01642630,0.00380000,0.00300000,0.00415000
1997.9521,0.18966065,-0.17541212,-0.02065707,0.00370000,0.00280000,0.00400000
1997.9548,0.18995632,-0.17392510,-0.01765639,0.00405000,0.00320000,0.00440000
1997.9576,0.19030394,-0.17384958,-0.01346379,0.00465000,0.00365000,0.00485000
1997.9603,0.18838523,-0.18182705,-0.02155069,0.00395000,0.00300000,0.00425000
1997.9630,0.19056217,-0.17382076,-0.02236277,0.00385000,0.00290000,0.00405000
1997.9658,0.18809973,-0.17751020,-0.02006542,0.00410000,0.00330000,0.00440000
1997.9685,0.18573107,-0.17939079,-0.01529312,0.00425000,0.00340000,0.00460000
1997.9713,0.18881984,-0.17592622,-0.02321844,0.00390000,0.00310000,0.00430000
1997.9740,0.19833165,-0.17632117,-0.01722437,0.00410000,0.00340000,0.00450000
1997.9767,0.19312636,-0.17467715,-0.01848603,0.00410000,0.00315000,0.00440000
1997.9795,0.18572251,-0.17457045,-0.00569635,0.00390000,0.00320000,0.00420000
1997.9822,0.19058828,-0.17659709,-0.01172017,0.00420000,0.00320000,0.00440000
1997.9849,0.18990188,-0.17856019,0.00210606,0.00410000,0.00340000,0.00470000
1997.9877,0.18782730,-0.17567254,-0.00322818,0.00390000,0.00300000,0.00430000
1997.9904,0.18822878,-0.17984618,0.00493505,0.00400000,0.00300000,0.00430000
1997.9932,0.19353627,-0.17626016,0.00398531,0.00375000,0.00275000,0.00400000
1997.9959,0.18751596,-0.17366546,0.00891332,0.00355000,0.00285000,0.00405000
1997.9986,0.18756668,-0.17632982,-0.00237817,0.00430000,0.00320000,0.00440000
1998.0014,0.19216837,-0.17792842,0.00073561,0.00380000,0.00280000,0.00400000
1998.0096,0.19206996,-0.17486578,0.00026720,0.00490000,0.00390000,0.00515000
1998.0123,0.19038650,-0.17752676,-0.00172155,0.00425000,0.00345000,0.00465000
1998.0151,0.18589191,-0.17717932,-0.00465035,0.00430000,0.00320000,0.00460000
1998.0178,0.18971333,-0.17899794,0.00015712,0.00390000,0.00310000,0.00450000
1998.0205,0.18465933,-0.17792062,-0.01443099,0.00410000,0.00330000,0.00460000
1998.0233,0.18710322,-0.17898172,-0.00378287,0.00415000,0.00325000,0.00470000
1998.0260,0.19328740,-0.17864390,0.00299292,0.00420000,0.00350000,0.00480000
1998.0287,0.18976629,-0.18184728,-0.00608847,0.00490000,0.00415000,0.00550000
1998.0315,0.18316363,-0.17766765,-0.01023768,0.00385000,0.00320000,0.00420000
1998.0342,0.18384915,-0.17764760,-0.00518424,0.00400000,0.00320000,0.00430000
1998.0370,0.18492942,-0.17323515,-0.00724963,0.00430000,0.00350000,0.00490000
1998.0397,0.18951497,-0.17609594,-0.00487534,0.00395000,0.00320000,0.00440000
1998.0424,0.18827328,-0.17932264,-0.01203324,0.00430000,0.00340000,0.00475000
1998.0452,0.18697925,-0.18149175,-0.00897491,0.00430000,0.00340000,0.00480000
1998.0479,0.19137244,-0.17733334,-0.01094481,0.00395000,0.00315000,0.00420000
1998.0507,0.18710588,-0.17484384,-0.01513568,0.00380000,0.00300000,0.00405000
1998.0534,0.19059963,-0.17569859,-0.01774006,0.00460000,0.00360000,0.00500000
1998.0561,0.19119852,-0.17673731,-0.00709789,0.00410000,0.00330000,0.00460000
1998.0589,0.18095709,-0.17682799,-0.00826473,0.00370000,0.00300000,0.00405000
1998.0616,0.19011742,-0.17423062,-0.00198612,0.00375000,0.00295000,0.00410000
1998.0643,0.19009082,-0.17459559,-0.01849285,0.00395000,0.00305000,0.00440000
1998.0671,0.19044993,-0.17717177,-0.01483237,0.00390000,0.00310000,0.00420000
1998.0698,0.19348738,-0.17245199,-0.00567294,0.00400000,0.00310000,0.00430000
1998.0726,0.18523809,-0.17803947,-0.00392474,0.00410000,0.00310000,0.00440000
1998.0753,0.19467192,-0.16960581,-0.01215955,0.00400000,0.00310000,0.00440000
1998.0780,0.19145226,-0.17817596,0.00078637,0.00390000,0.00300000,0.00420000
1998.0808,0.18955214,-0.17740154,-0.00752141,0.00440000,0.00360000,0.00500000
1998.0835,0.18813265,-0.17706005,-0.00233068,0.00435000,0.00360000,0.00465000
1998.0862,0.19446365,-0.17827579,-0.01043190,0.00400000,0.00315000,0.00435000
1998.0890,0.19135177,-0.17482665,-0.01185270,0.00410000,0.00320000,0.00440000
1998.0917,0.19427464,-0.17624553,-0.01123095,0.00430000,0.00330000,0.00480000
1998.0945,0.18879016,-0.18157500,-0.00749254,0.00420000,0.00320000,0.00470000
1998.0972,0.19475659,-0.17696531,-0.00615109,0.00490000,0.00370000,0.00550000
1998.0999,0.19342192,-0.17229519,-0.00521349,0.00420000,0.00330000,0.00460000
1998.1027,0.19378266,-0.17516051,-0.01251514,0.00445000,0.00360000,0.00490000
1998.1054,0.19579234,-0.17439121,-0.01168980,0.00460000,0.00380000,0.00500000
1998.1081,0.19318378,-0.17734875,-0.00640967,0.00465000,0.00370000,0.00510000
1998.1109,0.19670619,-0.17212054,-0.00342414,0.00460000,0.00360000,0.00490000
1998.1136,0.19357801,-0.17613677,0.00525118,0.00360000,0.00300000,0.00395000
1998.1164,0.18957358,-0.16882187,-0.00591882,0.00420000,0.00330000,0.00480000
1998.1191,0.19196900,-0.17153094,-0.00298711,0.00415000,0.00330000,0.00435000
1998.1218,0.19913405,-0.18057537,-0.00774736,0.00440000,0.00330000,0.00475000
1998.1246,0.19361058,-0.17645338,-0.00689019,0.00470000,0.00370000,0.00490000
1998.1273,0.18775301,-0.18405539,-0.01276628,0.00460000,0.00380000,0.00520000
1998.1300,0.19541578,-0.17653013,-0.00358699,0.00460000,0.00345000,0.00485000
1998.1328,0.18889436,-0.17600183,-0.01416302,0.00470000,0.00370000,0.00500000
1998.1355,0.18405644,-0.17588826,-0.01656453,0.00490000,0.00390000,0.00520000
1998.1383,0.19313154,-0.17325613,-0.01385714,0.00390000,0.00310000,0.00430000
1998.1410,0.19440623,-0.17816214,-0.00920831,0.00450000,0.00370000,0.00490000
1998.1437,0.19612582,-0.18597685,-0.01416567,0.00430000,0.00330000,0.00460000
1998.1465,0.18921229,-0.18094203,-0.01833943,0.00440000,0.00310000,0.00490000
1998.1492,0.19157804,-0.17255043,-0.01015829,0.00470000,0.00370000,0.00500000
1998.1520,0.18642502,-0.17534820,-0.01624753,0.00455000,0.00355000,0.00510000
1998.1547,0.19546862,-0.17697425,-0.00446939,0.00450000,0.00340000,0.00480000
1998.1574,0.18384288,-0.18245218,-0.00276895,0.00430000,0.00330000,0.00450000
1998.1602,0.19366243,-0.18400338,-0.01016889,0.00425000,0.00325000,0.00450000
1998.1629,0.18858103,-0.18265682,-0.01763629,0.00420000,0.00330000,0.00455000
1998.1656,0.19412914,-0.18065757,-0.01371176,0.00405000,0.00315000,0.00450000
1998.1684,0.19391689,-0.17512125,-0.02437421,0.00400000,0.00320000,0.00440000
1998.1711,0.19056805,-0.17637811,-0.02184046,0.00410000,0.00310000,0.00440000
1998.1739,0.19105418,-0.17840007,-0.01822139,0.00395000,0.00315000,0.00430000
1998.1766,0.19195661,-0.17494379,-0.02395300,0.00395000,0.00320000,0.00440000
1998.1793,0.18846478,-0.18137435,-0.01842773,0.00440000,0.00330000,0.00480000
1998.1821,0.19042468,-0.17655878,-0.02879208,0.00420000,0.00340000,0.00450000
1998.1848,0.19297792,-0.17738947,-0.02556427,0.00390000,0.00310000,0.00420000
1998.1875,0.19313671,-0.17919244,-0.01684426,0.00390000,0.00320000,0.00430000
1998.1903,0.18974435,-0.17597254,-0.01767855,0.00440000,0.00320000,0.00470000
1998.1930,0.19347440,-0.18227061,-0.02377758,0.00370000,0.00300000,0.00415000
1998.1958,0.19311225,-0.17979954,-0.01941738,0.00400000,0.00300000,0.00430000
1998.1985,0.19510374,-0.18388882,-0.02226855,0.00450000,0.00360000,0.00490000
1998.2012,0.18485591,-0.18575609,-0.02517947,0.00445000,0.00360000,0.00470000
1998.2040,0.18845400,-0.18346949,-0.02786770,0.00420000,0.00335000,0.00450000
1998.2067,0.18494540,-0.18988603,-0.02268495,0.00410000,0.00335000,0.00470000
1998.2094,0.18990394,-0.18420287,-0.02211454,0.00395000,0.00310000,0.00465000
1998.2122,0.19462589,-0.18058503,-0.02389726,0.00390000,0.00310000,0.00440000
1998.2149,0.19606883,-0.18123295,-0.02915729,0.00410000,0.00320000,0.00450000
1998.2177,0.19368716,-0.18493281,-0.03651487,0.00430000,0.00330000,0.00470000
1998.2204,0.18669751,-0.18228147,-0.02219352,0.00460000,0.00320000,0.00500000
1998.2231,0.19492424,-0.18108798,-0.01234529,0.00390000,0.00300000,0.00440000
1998.2259,0.19350396,-0.18267630,-0.02004467,0.00420000,0.00320000,0.00470000
1998.2286,0.18891071,-0.18427197,-0.01940921,0.00380000,0.00310000,0.00450000
1998.2313,0.19422473,-0.18612272,-0.01470980,0.00450000,0.00360000,0.00550000
1998.2341,0.19547968,-0.17991530,-0.02550937,0.00440000,0.00350000,0.00470000
1998.2368,0.20041816,-0.17837557,-0.01641128,0.00450000,0.00350000,0.00490000
1998.2396,0.20040092,-0.18389738,-0.01178848,0.00490000,0.00380000,0.00540000
1998.2423,0.18878116,-0.18251166,-0.02230159,0.00470000,0.00350000,0.00510000
1998.2450,0.18904606,-0.18381673,-0.02517847,0.00440000,0.00350000,0.00470000
1998.2478,0.19410408,-0.18377810,-0.02611121,0.00420000,0.00330000,0.00450000
1998.2505,0.19199231,-0.18632543,-0.02057417,0.00465000,0.00365000,0.00495000
1998.2533,0.19422441,-0.18231994,-0.02733774,0.00440000,0.00330000,0.00460000
1998.2560,0.19102972,-0.18613995,-0.01789372,0.00440000,0.00330000,0.00495000
1998.2587,0.19755904,-0.18748733,-0.02161526,0.00465000,0.00355000,0.00495000
1998.2615,0.18910810,-0.18872986,-0.01837173,0.00440000,0.00325000,0.00470000
1998.2642,0.19507333,-0.18946666,-0.02280283,0.00470000,0.00360000,0.00520000
1998.2669,0.19673027,-0.18804332,-0.03005791,0.00460000,0.00360000,0.00520000
1998.2697,0.18718928,-0.18885275,-0.03158465,0.00440000,0.00330000,0.00490000
1998.2724,0.19102519,-0.18841008,-0.03524167,0.00390000,0.00310000,0.00450000
1998.2752,0.18825832,-0.18212164,-0.02744115,0.00440000,0.00330000,0.00490000
1998.2779,0.19893667,-0.18789046,-0.02339397,0.00460000,0.00360000,0.00510000
1998.2806,0.19511729,-0.18821264,-0.03417966,0.00425000,0.00355000,0.00475000
1998.2834,0.19621749,-0.18339919,-0.02408240,0.00440000,0.00330000,0.00470000
1998.2861,0.20034466,-0.18549360,-0.01609556,0.00440000,0.00320000,0.00480000
1998.2888,0.19578675,-0.18460796,-0.02620920,0.00460000,0.00365000,0.00495000
1998.2916,0.19576364,-0.18348690,-0.02529985,0.00420000,0.00335000,0.00450000
1998.2943,0.19449029,-0.17639362,-0.03420344,0.00390000,0.00320000,0.00435000
1998.2971,0.19097348,-0.18385641,-0.02785136,0.00370000,0.00300000,0.00420000
1998.2998,0.19347736,-0.18549996,-0.01806548,0.00390000,0.00320000,0.00420000
1998.3025,0.19899334,-0.18028770,-0.01649015,0.00390000,0.00315000,0.00430000
1998.3053,0.19193864,-0.18422089,-0.02593057,0.00400000,0.00310000,0.00450000
1998.3080,0.20327574,-0.18331265,-0.01291881,0.00390000,0.00320000,0.00430000
1998.3107,0.19935814,-0.18234109,-0.01907951,0.00405000,0.00320000,0.00455000
1998.3135,0.20171658,-0.18785382,-0.02209456,0.00420000,0.00330000,0.00460000
1998.3162,0.19983277,-0.18945536,-0.01889423,0.00420000,0.00340000,0.00470000
1998.3190,0.19956189,-0.18231096,-0.00793679,0.00440000,0.00340000,0.00460000
1998.3217,0.19831792,-0.18261017,-0.01680936,0.00390000,0.00300000,0.00450000
1998.3244,0.20123549,-0.18603579,-0.00528020,0.00385000,0.00310000,0.00430000
1998.3272,0.20079988,-0.17710371,-0.02547296,0.00395000,0.00310000,0.00425000
1998.3299,0.20199898,-0.17822196,-0.03476982,0.00415000,0.00315000,0.00455000
1998.3326,0.20088955,-0.18291618,-0.02698197,0.00430000,0.00330000,0.00480000
1998.3354,0.19593702,-0.17974662,-0.01879617,0.00440000,0.00350000,0.00480000
1998.3381,0.19300734,-0.18757810,-0.02795505,0.00470000,0.00380000,0.00510000
1998.3409,0.19447807,-0.18287529,-0.02550885,0.00470000,0.00395000,0.00520000
1998.3436,0.19920243,-0.17698553,-0.02142669,0.00480000,0.00390000,0.00580000
1998.3463,0.19296688,-0.18083236,-0.01653602,0.00440000,0.00370000,0.00510000
1998.3491,0.19562947,-0.18364745,-0.01300059,0.00420000,0.00325000,0.00470000
1998.3518,0.19136583,-0.18252632,-0.02608430,0.00420000,0.00330000,0.00470000
1998.3546,0.19525190,-0.17924958,-0.02739634,0.00420000,0.00310000,0.00450000
1998.3573,0.19077183,-0.18187173,-0.02792356,0.00440000,0.00340000,0.00480000
1998.3600,0.18839873,-0.18210010,-0.02546693,0.00410000,0.00320000,0.00470000
1998.3628,0.19150047,-0.17855177,-0.02016749,0.00455000,0.00345000,0.00505000
1998.3655,0.20275521,-0.18112909,-0.02301810,0.00480000,0.00370000,0.00520000
1998.3682,0.19708631,-0.18028327,-0.01909661,0.00400000,0.00335000,0.00450000
1998.3710,0.19872815,-0.18042117,-0.02513000,0.00390000,0.00310000,0.00430000
1998.3737,0.19486466,-0.18705542,-0.03417344,0.00415000,0.00320000,0.00480000
1998.3765,0.19882579,-0.18652523,-0.03106347,0.00400000,0.00320000,0.00470000
1998.3792,0.20414243,-0.18362507,-0.03195539,0.00430000,0.00310000,0.00460000
1998.3819,0.19959008,-0.18364301,-0.02167772,0.00430000,0.00320000,0.00460000
1998.3847,0.20316043,-0.18088532,-0.02912238,0.00440000,0.00340000,0.00500000
1998.3874,0.19698443,-0.18506826,-0.02251700,0.00440000,0.00350000,0.00480000
1998.3901,0.19896849,-0.18594035,-0.02984271,0.00410000,0.00330000,0.00460000
1998.3929,0.19700954,-0.18648660,-0.00963934,0.00430000,0.00335000,0.00480000
1998.3956,0.19805747,-0.18499931,-0.02016215,0.00405000,0.00320000,0.00455000
1998.3984,0.20191765,-0.18132372,-0.01265073,0.00410000,0.00330000,0.00485000
1998.4011,0.20291379,-0.19067674,-0.02281008,0.00445000,0.00350000,0.00495000
1998.4038,0.20088914,-0.18633909,-0.02554835,0.00430000,0.00320000,0.00470000
1998.4093,0.20500053,-0.18699469,-0.01793171,0.00460000,0.00370000,0.00500000
1998.4120,0.20039455,-0.18235735,-0.02099027,0.00425000,0.00345000,0.00480000
1998.4148,0.19485573,-0.19096467,-0.01872022,0.00420000,0.00320000,0.00465000
1998.4175,0.19378358,-0.18885262,-0.02494704,0.00420000,0.00340000,0.00460000
1998.4203,0.19167369,-0.18874505,-0.01549881,0.00470000,0.00340000,0.00510000
1998.4230,0.19677133,-0.18759946,-0.01178264,0.00440000,0.00320000,0.00490000
1998.4257,0.19357619,-0.18864035,-0.01548299,0.00430000,0.00340000,0.00490000
1998.4285,0.19318596,-0.19068168,-0.00489698,0.00420000,0.00320000,0.00460000
1998.4312,0.19011529,-0.19141666,0.00451812,0.00460000,0.00340000,0.00490000
1998.4339,0.19998592,-0.19355966,-0.00901272,0.00470000,0.00350000,0.00510000
1998.4367,0.20220780,-0.19051434,-0.00660329,0.00440000,0.00340000,0.00480000
1998.4394,0.19521073,-0.19383389,-0.01342768,0.00460000,0.00350000,0.00480000
1998.4422,0.20216340,-0.19139728,-0.01294957,0.00445000,0.00360000,0.00490000
1998.4476,0.19947799,-0.18938881,-0.02163840,0.00440000,0.00360000,0.00500000
1998.4504,0.20333143,-0.19174226,-0.01071706,0.00440000,0.00360000,0.00490000
1998.4531,0.19590160,-0.18869113,-0.00482397,0.00410000,0.00330000,0.00460000
1998.4559,0.20772055,-0.19105177,-0.01510275,0.00445000,0.00330000,0.00480000
1998.4586,0.20166614,-0.19144559,-0.01710549,0.00470000,0.00340000,0.00530000
1998.4613,0.20298710,-0.19022168,-0.01254966,0.00440000,0.00350000,0.00520000
1998.4641,0.20320809,-0.18936301,-0.00942723,0.00410000,0.00330000,0.00450000
1998.4668,0.20279305,-0.18811993,-0.01910669,0.00460000,0.00360000,0.00500000
1998.4695,0.20412424,-0.18789183,-0.00727605,0.00445000,0.00340000,0.00510000
1998.4723,0.19957989,-0.18743131,-0.01410364,0.00420000,0.00320000,0.00455000
1998.4750,0.20631670,-0.19148483,-0.00945895,0.00470000,0.00350000,0.00500000
1998.4778,0.20325152,-0.19121172,-0.00688344,0.00435000,0.00345000,0.00495000
1998.4805,0.19954724,-0.18845086,-0.01508569,0.00450000,0.00360000,0.00510000
1998.4832,0.20126896,-0.18700438,-0.00915614,0.00460000,0.00350000,0.00530000
1998.4860,0.20066751,-0.18768338,-0.01668921,0.00470000,0.00350000,0.00500000
1998.4887,0.19884261,-0.18777658,-0.01100759,0.00450000,0.00340000,0.00485000
1998.4914,0.19686740,-0.18449237,-0.00383686,0.00425000,0.00340000,0.00460000
1998.4942,0.19751350,-0.18946046,-0.00103544,0.00445000,0.00350000,0.00485000
1998.4969,0.19605311,-0.19118405,-0.02073231,0.00430000,0.00340000,0.00490000
1998.4997,0.19848054,-0.18791293,-0.00732404,0.00440000,0.00350000,0.00480000
1998.5024,0.19925603,-0.19070605,-0.01335112,0.00425000,0.00340000,0.00475000
1998.5051,0.19765945,-0.19023191,-0.01198461,0.00430000,0.00325000,0.00475000
1998.5079,0.19838411,-0.18412816,-0.01400238,0.00450000,0.00360000,0.00510000
1998.5106,0.20021216,-0.18875000,-0.01103650,0.00460000,0.00350000,0.00520000
1998.5133,0.19333478,-0.19147592,-0.01316138,0.00520000,0.00420000,0.00570000
1998.5161,0.19589869,-0.18789772,-0.00183316,0.00470000,0.00390000,0.00535000
1998.5188,0.20280643,-0.18942570,-0.00585626,0.00475000,0.00405000,0.00525000
1998.5216,0.19966194,-0.18751902,0.01174385,0.00470000,0.00385000,0.00530000
1998.5243,0.20343230,-0.19230765,-0.00796005,0.00470000,0.00360000,0.00510000
1998.5270,0.20421625,-0.18828861,-0.00535769,0.00470000,0.00380000,0.00510000
1998.5298,0.20630336,-0.19205358,-0.00920824,0.00460000,0.00350000,0.00500000
1998.5325,0.20383483,-0.18898021,-0.01822344,0.00430000,0.00330000,0.00465000
1998.5352,0.19970327,-0.19129748,-0.01453642,0.00440000,0.00355000,0.00470000
1998.6475,0.19747830,-0.18825981,-0.00400187,0.01150000,0.00920000,0.01160000
1998.6502,0.20418249,-0.19385132,-0.00503305,0.00485000,0.00395000,0.00550000
1998.6530,0.20485815,-0.19154532,-0.01448560,0.00505000,0.00425000,0.00535000
1998.6557,0.20423945,-0.19282857,-0.00765835,0.00525000,0.00435000,0.00565000
1998.6749,0.20417510,-0.19264254,-0.01462575,0.00535000,0.00450000,0.00575000
1998.6776,0.20242065,-0.19796229,-0.01925959,0.00470000,0.00395000,0.00520000
1998.6804,0.20429768,-0.19456763,-0.00826807,0.00500000,0.00390000,0.00550000
1998.6831,0.20488713,-0.19554838,-0.02698529,0.00480000,0.00390000,0.00520000
1998.6858,0.19756914,-0.19481441,-0.02940027,0.00500000,0.00370000,0.00540000
1998.6886,0.20371791,-0.19049516,-0.02397580,0.00535000,0.00390000,0.00575000
1998.6913,0.20275885,-0.18821234,-0.01358137,0.00500000,0.00380000,0.00530000
1998.6940,0.20684178,-0.19514851,-0.01344595,0.00490000,0.00365000,0.00535000
1998.6968,0.19661178,-0.19151250,-0.01234058,0.00480000,0.00370000,0.00525000
1998.6995,0.20563613,-0.19121340,-0.01217555,0.00470000,0.00370000,0.00500000
1998.7023,0.20299561,-0.19413790,-0.01889789,0.00420000,0.00350000,0.00460000
1998.7050,0.20487258,-0.19196070,-0.01668962,0.00480000,0.00370000,0.00520000
1998.7077,0.20923929,-0.19294370,-0.01366098,0.00470000,0.00370000,0.00500000
1998.7105,0.19359448,-0.19291192,-0.02271520,0.00480000,0.00350000,0.00510000
1998.7132,0.20307293,-0.19655098,-0.01672399,0.00470000,0.00340000,0.00530000
1998.7159,0.19972978,-0.19511528,-0.01543682,0.00450000,0.00355000,0.00490000
1998.7187,0.20443363,-0.20207359,-0.01081252,0.00420000,0.00340000,0.00460000
1998.7214,0.19824698,-0.19671731,-0.01924160,0.00435000,0.00330000,0.00475000
1998.7242,0.20800414,-0.20234302,-0.00862894,0.00490000,0.00390000,0.00530000
1998.7269,0.21010688,-0.19753699,-0.02301600,0.00470000,0.00365000,0.00505000
1998.7296,0.20920645,-0.19644300,-0.01032456,0.00450000,0.00350000,0.00485000
1998.7324,0.19642787,-0.19595770,-0.01553110,0.00470000,0.00350000,0.00500000
1998.7351,0.19867225,-0.19967105,-0.00372304,0.00480000,0.00380000,0.00540000
1998.7379,0.21015114,-0.19774022,-0.00260916,0.00445000,0.00345000,0.00490000
1998.7406,0.20638779,-0.19361560,-0.00919611,0.00430000,0.00340000,0.00470000
1998.7433,0.20312467,-0.19709339,-0.01719552,0.00460000,0.00345000,0.00480000
1998.7461,0.19949301,-0.20128281,-0.01261415,0.00415000,0.00320000,0.00460000
1998.7488,0.20769247,-0.19697562,-0.00502083,0.00420000,0.00310000,0.00435000
1998.7515,0.20477950,-0.20070319,-0.01399450,0.00450000,0.00340000,0.00485000
1998.7543,0.20555640,-0.19329963,0.00030223,0.00440000,0.00350000,0.00480000
1998.7570,0.20791878,-0.19759398,-0.01402863,0.00430000,0.00340000,0.00500000
1998.7598,0.21379352,-0.20119083,-0.01197883,0.00430000,0.00315000,0.00455000
1998.7625,0.20712343,-0.19699211,-0.00348487,0.00420000,0.00310000,0.00460000
1998.7652,0.21463794,-0.19769632,-0.00454765,0.00390000,0.00310000,0.00420000
1998.7680,0.20476752,-0.19584943,-0.00862923,0.00455000,0.00350000,0.00475000
1998.7707,0.20469688,-0.20126278,-0.00531070,0.00450000,0.00330000,0.00490000
1998.7734,0.20842930,-0.19859143,-0.00006737,0.00460000,0.00335000,0.00500000
1998.7762,0.21154685,-0.20392876,-0.01061470,0.00420000,0.00340000,0.00450000
1998.7789,0.20666391,-0.20018811,-0.00363071,0.00395000,0.00310000,0.00425000
1998.7817,0.21910737,-0.20428201,0.00160465,0.00460000,0.00340000,0.00495000
1998.7844,0.20572232,-0.20093475,-0.00389301,0.00440000,0.00325000,0.00480000
1998.7871,0.20327690,-0.19577679,-0.00590628,0.00410000,0.00340000,0.00440000
1998.7899,0.20740319,-0.19893514,-0.00436462,0.00450000,0.00350000,0.00480000
1998.7926,0.21335053,-0.20031791,-0.01219170,0.00450000,0.00320000,0.00475000
1998.7953,0.20830669,-0.19560996,-0.00657749,0.00450000,0.00350000,0.00485000
1998.7981,0.20868191,-0.19819993,-0.00519219,0.00440000,0.00330000,0.00480000
1998.8008,0.21193620,-0.20022342,-0.01071312,0.00450000,0.00365000,0.00485000
1998.8036,0.20550270,-0.19888130,-0.00817426,0.00410000,0.00325000,0.00455000
1998.8063,0.21156934,-0.19417836,-0.02240008,0.00435000,0.00335000,0.00460000
1998.8090,0.20956538,-0.19650913,-0.02122169,0.00430000,0.00320000,0.00470000
1998.8118,0.20827473,-0.19978765,-0.01752040,0.00460000,0.00350000,0.00490000
1998.8145,0.20957965,-0.19577215,-0.01599837,0.00435000,0.00340000,0.00460000
1998.8172,0.21134905,-0.20049467,-0.02558514,0.00490000,0.00400000,0.00550000
1998.8200,0.21019458,-0.19940792,-0.02600857,0.00440000,0.00355000,0.00470000
1998.8227,0.20939660,-0.19992687,-0.02889256,0.00420000,0.00320000,0.00440000
1998.8255,0.21631320,-0.19474188,-0.02022971,0.00430000,0.00310000,0.00470000
1998.8282,0.20682117,-0.19554873,-0.02608344,0.00420000,0.00320000,0.00450000
1998.8309,0.20430087,-0.19514043,-0.02500668,0.00435000,0.00345000,0.00480000
1998.8337,0.21059408,-0.19801003,-0.01632287,0.00430000,0.00335000,0.00465000
1998.8364,0.20879072,-0.19346101,-0.02628017,0.00420000,0.00330000,0.00450000
1998.8392,0.20452388,-0.19948940,-0.02363711,0.00430000,0.00335000,0.00450000
1998.8419,0.21135412,-0.19804807,-0.01653663,0.00435000,0.00340000,0.00470000
1998.8446,0.21240905,-0.19983225,-0.01722957,0.00405000,0.00320000,0.00420000
1998.8474,0.20855560,-0.19481964,-0.01435577,0.00425000,0.00320000,0.00460000
1998.8501,0.21209755,-0.19910572,-0.02402920,0.00440000,0.00340000,0.00470000
1998.8528,0.21115221,-0.19381906,-0.00983112,0.00460000,0.00370000,0.00500000
1998.8556,0.21472079,-0.19574893,-0.01310741,0.00490000,0.00365000,0.00535000
1998.8583,0.21519810,-0.19614840,-0.02540056,0.00485000,0.00385000,0.00515000
1998.8611,0.21322510,-0.19437306,-0.01886769,0.00400000,0.00300000,0.00430000
1998.8638,0.20741286,-0.19509068,-0.02171271,0.00430000,0.00340000,0.00450000
1998.8665,0.20053575,-0.19094275,-0.02003883,0.00425000,0.00330000,0.00460000
1998.8693,0.21330643,-0.19605082,-0.02186121,0.00450000,0.00340000,0.00460000
1998.8720,0.21361324,-0.19532634,-0.01231239,0.00400000,0.00310000,0.00430000
1998.8747,0.20669703,-0.19677101,-0.01172669,0.00380000,0.00300000,0.00420000
1998.8775,0.21140654,-0.19453309,-0.00580518,0.00390000,0.00310000,0.00435000
1998.8802,0.20661225,-0.19932179,-0.01802962,0.00415000,0.00335000,0.00450000
1998.8830,0.21444835,-0.19725439,-0.02307695,0.00375000,0.00295000,0.00410000
1998.8857,0.20983611,-0.19512291,-0.01355673,0.00375000,0.00285000,0.00400000
1998.8884,0.20998749,-0.19797455,-0.01280295,0.00400000,0.00300000,0.00425000
1998.8912,0.20602162,-0.19717248,-0.00723311,0.00390000,0.00315000,0.00430000
1998.8939,0.20601149,-0.19146568,-0.01179359,0.00410000,0.00330000,0.00440000
1998.8966,0.21276874,-0.19281682,-0.01800096,0.00385000,0.00305000,0.00430000
1998.8994,0.21153712,-0.19838490,-0.01463215,0.00440000,0.00360000,0.00490000
1998.9021,0.20513637,-0.19743227,-0.01383740,0.00430000,0.00325000,0.00455000
1998.9049,0.21199498,-0.19339849,-0.01982150,0.00400000,0.00320000,0.00450000
1998.9076,0.20731387,-0.19398829,-0.00064295,0.00405000,0.00310000,0.00445000
1998.9103,0.20398848,-0.20034487,-0.01235777,0.00460000,0.00390000,0.00480000
1998.9131,0.21115780,-0.19188040,-0.01195335,0.00410000,0.00325000,0.00440000
1998.9158,0.21532567,-0.19335513,-0.01415535,0.00410000,0.00310000,0.00450000
1998.9185,0.21197162,-0.19543849,-0.00953155,0.00420000,0.00325000,0.00460000
1998.9213,0.21971263,-0.19435805,-0.01067919,0.00435000,0.00350000,0.00460000
1998.9240,0.20841984,-0.19560662,-0.01001802,0.00420000,0.00330000,0.00460000
1998.9268,0.20783069,-0.19627547,-0.00717055,0.00450000,0.00365000,0.00495000
1998.9295,0.20657063,-0.19172076,-0.00923987,0.00455000,0.00360000,0.00490000
1998.9322,0.21011622,-0.19287713,-0.00655060,0.00480000,0.00365000,0.00520000
1998.9350,0.21250072,-0.19076739,-0.00684707,0.00395000,0.00310000,0.00430000
1998.9377,0.20844368,-0.19263680,-0.01251460,0.00415000,0.00310000,0.00435000
1998.9405,0.21425586,-0.19446584,-0.01633435,0.00410000,0.00330000,0.00450000
1998.9432,0.21982120,-0.19864604,-0.01341921,0.00425000,0.00330000,0.00460000
1998.9459,0.22043218,-0.19451807,-0.02359507,0.00410000,0.00310000,0.00435000
1998.9487,0.21029630,-0.19206412,-0.02662478,0.00385000,0.00295000,0.00415000
1998.9514,0.20941294,-0.19461620,-0.02734212,0.00380000,0.00290000,0.00410000
1998.9541,0.21337895,-0.19218072,-0.02946611,0.00400000,0.00325000,0.00440000
1998.9569,0.20972035,-0.19450178,-0.02392564,0.00420000,0.00335000,0.00475000
1998.9596,0.21534586,-0.19245164,-0.01493379,0.00440000,0.00320000,0.00490000
1998.9624,0.21056088,-0.19303988,-0.01891790,0.00390000,0.00310000,0.00430000
1998.9651,0.21784292,-0.19449060,-0.01781846,0.00390000,0.00300000,0.00430000
1998.9678,0.21688814,-0.19355078,-0.03407271,0.00390000,0.00310000,0.00430000
1998.9706,0.21383874,-0.18835948,-0.03094167,0.00415000,0.00295000,0.00445000
1998.9733,0.20331937,-0.19191252,-0.03484599,0.00400000,0.00300000,0.00420000
1998.9760,0.21680085,-0.19911228,-0.02034681,0.00390000,0.00300000,0.00420000
1998.9788,0.20945697,-0.19648967,-0.01431368,0.00385000,0.00295000,0.00420000
1998.9815,0.21202338,-0.19575175,-0.01251046,0.00380000,0.00280000,0.00420000
1998.9843,0.20331994,-0.19595998,-0.03044930,0.00380000,0.00300000,0.00420000
1998.9870,0.21603211,-0.19722411,-0.02183467,0.00380000,0.00300000,0.00410000
1998.9897,0.21590560,-0.19727239,-0.01811735,0.00390000,0.00300000,0.00410000
1998.9925,0.21185641,-0.19151054,-0.02188784,0.00435000,0.00315000,0.00455000
1998.9952,0.21103481,-0.19464995,-0.02604843,0.00405000,0.00325000,0.00440000
1998.9979,0.21393500,-0.19765186,-0.02343880,0.00395000,0.00320000,0.00425000
1999.0007,0.21455052,-0.19226408,-0.01685485,0.00420000,0.00340000,0.00450000
1999.0034,0.21122738,-0.19136072,-0.02420563,0.00400000,0.00310000,0.00420000
1999.0062,0.21120708,-0.19650734,-0.02184518,0.00380000,0.00290000,0.00410000
1999.0089,0.21967623,-0.19585973,-0.01499839,0.00380000,0.00280000,0.00400000
1999.0116,0.21857747,-0.19561224,-0.02194596,0.00395000,0.00290000,0.00430000
1999.0144,0.21671556,-0.19212018,-0.01811195,0.00385000,0.00295000,0.00420000
1999.0171,0.21566139,-0.19767141,-0.01798039,0.00390000,0.00295000,0.00425000
1999.0198,0.21028368,-0.19325511,-0.01592380,0.00400000,0.00315000,0.00440000
1999.0226,0.21561472,-0.19357275,-0.01796756,0.00395000,0.00315000,0.00435000
1999.0253,0.20875603,-0.19436734,-0.01599199,0.00410000,0.00315000,0.00440000
1999.0281,0.21685250,-0.19339677,-0.01668716,0.00380000,0.00285000,0.00400000
1999.0308,0.21418380,-0.19673780,-0.01034481,0.00410000,0.00320000,0.00430000
1999.0335,0.21118400,-0.20024559,-0.00459023,0.00385000,0.00310000,0.00410000
1999.0363,0.21238923,-0.20323893,-0.01152464,0.00405000,0.00320000,0.00440000
1999.0390,0.21395354,-0.19579302,-0.02294576,0.00390000,0.00310000,0.00430000
1999.0418,0.21589231,-0.20095372,-0.00985653,0.00430000,0.00350000,0.00460000
1999.0445,0.21834794,-0.19558842,-0.01361690,0.00420000,0.00330000,0.00450000
1999.0472,0.21422332,-0.19444345,-0.00270393,0.00400000,0.00320000,0.00440000
1999.0500,0.21768283,-0.19212459,-0.00814115,0.00400000,0.00330000,0.00440000
1999.0527,0.20962012,-0.19481733,-0.01473798,0.00420000,0.00320000,0.00440000
1999.0582,0.21760715,-0.20165298,-0.01154583,0.00460000,0.00370000,0.00500000
1999.0609,0.21657737,-0.19444507,-0.00557522,0.00430000,0.00335000,0.00455000
1999.0637,0.21280226,-0.19510365,-0.01146672,0.00395000,0.00315000,0.00445000
1999.0664,0.21531805,-0.19843365,-0.01680652,0.00430000,0.00335000,0.00470000
1999.0691,0.21781782,-0.20019994,-0.00655506,0.00430000,0.00330000,0.00455000
1999.0719,0.21153165,-0.20186923,-0.00039893,0.00460000,0.00370000,0.00480000
1999.0746,0.21542167,-0.20428364,-0.00345699,0.00430000,0.00345000,0.00465000
1999.0773,0.21268447,-0.20282231,-0.00263487,0.00390000,0.00310000,0.00410000
1999.0801,0.21875359,-0.20292580,-0.00914374,0.00390000,0.00300000,0.00420000
1999.0828,0.21701834,-0.19791300,-0.02058340,0.00425000,0.00320000,0.00445000
1999.0856,0.21963960,-0.19739174,-0.00619001,0.00455000,0.00360000,0.00490000
1999.0883,0.22724772,-0.19275546,-0.00097724,0.00415000,0.00335000,0.00430000
1999.0910,0.22338759,-0.19664888,0.00002765,0.00400000,0.00300000,0.00430000
1999.0938,0.22076246,-0.19952726,-0.00110126,0.00410000,0.00310000,0.00450000
1999.0965,0.21733219,-0.19873761,-0.00769138,0.00440000,0.00340000,0.00480000
1999.0992,0.21826096,-0.19545768,-0.00669738,0.00415000,0.00325000,0.00440000
1999.1020,0.21445993,-0.19682095,-0.00694430,0.00390000,0.00320000,0.00460000
1999.1047,0.21377613,-0.20002983,-0.01164329,0.00440000,0.00340000,0.00470000
1999.1075,0.21772532,-0.20162070,-0.01732622,0.00425000,0.00335000,0.00470000
1999.1102,0.21685855,-0.20290523,-0.02036881,0.00420000,0.00340000,0.00470000
1999.1129,0.21888222,-0.19878464,-0.01057521,0.00480000,0.00395000,0.00510000
1999.1157,0.22127258,-0.19905905,-0.00431029,0.00390000,0.00310000,0.00430000
1999.1184,0.21855448,-0.19998024,-0.00486678,0.00410000,0.00320000,0.00440000
1999.1211,0.22189165,-0.20054997,-0.01279747,0.00405000,0.00300000,0.00435000
1999.1239,0.21643890,-0.20191233,-0.01907851,0.00445000,0.00345000,0.00485000
1999.1266,0.22118376,-0.19742937,-0.02678299,0.00420000,0.00340000,0.00450000
1999.1294,0.22068485,-0.19935027,-0.01447575,0.00435000,0.00330000,0.00460000
1999.1321,0.22125451,-0.20059819,-0.01403931,0.00450000,0.00355000,0.00500000
1999.1348,0.21810781,-0.20451803,-0.01819147,0.00465000,0.00365000,0.00490000
1999.1376,0.21957255,-0.19879100,-0.01966575,0.00435000,0.00350000,0.00470000
1999.1403,0.21697668,-0.20113781,-0.01546394,0.00410000,0.00320000,0.00440000
1999.1431,0.21341641,-0.20165191,-0.01345990,0.00410000,0.00330000,0.00455000
1999.1458,0.21985469,-0.20155661,-0.01206571,0.00435000,0.00345000,0.00465000
1999.1485,0.22205264,-0.20368441,-0.01595718,0.00370000,0.00290000,0.00410000
1999.1513,0.22004504,-0.20356827,-0.01776446,0.00370000,0.00285000,0.00405000
1999.1540,0.21347828,-0.19821540,-0.01549851,0.00415000,0.00310000,0.00450000
1999.1567,0.21969692,-0.19967043,-0.01313768,0.00415000,0.00325000,0.00440000
1999.1595,0.21697177,-0.20590044,-0.02075591,0.00415000,0.00315000,0.00455000
1999.1622,0.21714283,-0.20506119,-0.01109150,0.00410000,0.00310000,0.00450000
1999.1650,0.21887946,-0.20826657,-0.01411021,0.00440000,0.00350000,0.00470000
1999.1677,0.21974509,-0.20462970,-0.00535394,0.00405000,0.00305000,0.00440000
1999.1704,0.21850618,-0.20279274,-0.02055781,0.00430000,0.00320000,0.00460000
1999.1732,0.22053060,-0.20056928,-0.01043080,0.00420000,0.00335000,0.00460000
1999.1759,0.22277844,-0.20654126,-0.00906017,0.00420000,0.00320000,0.00440000
1999.1786,0.22409957,-0.20739070,-0.00816404,0.00405000,0.00315000,0.00435000
1999.1814,0.22204084,-0.20178496,-0.00813916,0.00450000,0.00330000,0.00470000
1999.1841,0.22365891,-0.20620926,-0.00761213,0.00390000,0.00300000,0.00420000
1999.1869,0.22229389,-0.20965549,-0.02067924,0.00450000,0.00340000,0.00495000
1999.1896,0.22274229,-0.20618674,-0.01342699,0.00420000,0.00320000,0.00440000
1999.1923,0.22098133,-0.20262537,-0.00830170,0.00440000,0.00350000,0.00450000
1999.1951,0.21888492,-0.19977689,-0.01019900,0.00430000,0.00340000,0.00460000
1999.1978,0.22443389,-0.20387185,-0.01023951,0.00420000,0.00310000,0.00450000
1999.2005,0.21867003,-0.20222933,-0.00758031,0.00420000,0.00310000,0.00450000
1999.2033,0.21967193,-0.20286152,-0.00401252,0.00420000,0.00350000,0.00480000
1999.2060,0.21860115,-0.20063263,-0.00532220,0.00420000,0.00340000,0.00450000
1999.2088,0.21669368,-0.19816632,-0.03349904,0.00420000,0.00330000,0.00450000
1999.2115,0.22849149,-0.20384896,-0.03299193,0.00430000,0.00330000,0.00460000
1999.2142,0.22755453,-0.20134054,-0.01561013,0.00400000,0.00330000,0.00440000
1999.2170,0.21775781,-0.20130196,-0.02595465,0.00430000,0.00320000,0.00450000
1999.2197,0.21887896,-0.20294334,-0.02920875,0.00420000,0.00320000,0.00450000
1999.2225,0.21886092,-0.20281611,-0.01386273,0.00420000,0.00325000,0.00450000
1999.2252,0.21760840,-0.20906006,-0.01372696,0.00440000,0.00345000,0.00460000
1999.2279,0.21965204,-0.20562272,-0.00850844,0.00410000,0.00310000,0.00430000
1999.2307,0.21817005,-0.20731622,-0.01049505,0.00420000,0.00315000,0.00450000
1999.2334,0.21142202,-0.20007251,0.00014442,0.00430000,0.00320000,0.00450000
1999.2361,0.22192207,-0.20219216,-0.00526029,0.00435000,0.00350000,0.00465000
1999.2389,0.21629593,-0.20266673,-0.02182941,0.00405000,0.00325000,0.00445000
1999.2416,0.21531301,-0.20322488,-0.01845233,0.00440000,0.00340000,0.00470000
1999.2444,0.22065390,-0.20085932,-0.01955915,0.00435000,0.00310000,0.00465000
1999.2471,0.22035800,-0.19862538,-0.00840382,0.00460000,0.00340000,0.00490000
1999.2498,0.22001716,-0.20396086,-0.01546470,0.00430000,0.00340000,0.00460000
1999.2526,0.22013475,-0.20144011,-0.01164173,0.00440000,0.00330000,0.00460000
1999.2553,0.21895995,-0.20298600,-0.01374218,0.00415000,0.00340000,0.00455000
1999.2580,0.21763429,-0.20192686,-0.02228977,0.00450000,0.00350000,0.00465000
1999.2608,0.22481647,-0.20252221,-0.02289957,0.00405000,0.00310000,0.00425000
1999.2635,0.22356378,-0.20250786,-0.02309986,0.00425000,0.00315000,0.00450000
1999.2663,0.21842069,-0.20291555,-0.02307160,0.00480000,0.00350000,0.00480000
1999.2717,0.21577877,-0.19919890,-0.02082617,0.00440000,0.00360000,0.00480000
1999.2745,0.22012383,-0.20579652,-0.01858865,0.00400000,0.00310000,0.00430000
1999.2772,0.21831496,-0.20593586,-0.01549900,0.00410000,0.00330000,0.00440000
1999.2799,0.21693854,-0.20495012,-0.01652232,0.00450000,0.00360000,0.00480000
1999.2827,0.21754177,-0.20946829,-0.00746307,0.00425000,0.00330000,0.00445000
1999.2854,0.22267280,-0.20492980,-0.01964280,0.00400000,0.00300000,0.00420000
1999.2882,0.22828329,-0.20725936,-0.01441457,0.00420000,0.00315000,0.00435000
1999.2909,0.22087944,-0.20313969,-0.02490500,0.00410000,0.00320000,0.00435000
1999.2936,0.22058516,-0.20688441,-0.01810465,0.00420000,0.00330000,0.00450000
1999.2964,0.22200840,-0.20708479,-0.01542872,0.00385000,0.00310000,0.00420000
1999.2991,0.22336144,-0.20482636,-0.01427192,0.00410000,0.00325000,0.00430000
1999.3018,0.22503380,-0.20211521,-0.02209147,0.00455000,0.00330000,0.00475000
1999.3046,0.22186632,-0.20666335,-0.02695996,0.00440000,0.00340000,0.00470000
1999.3073,0.22525031,-0.20748444,-0.01223513,0.00415000,0.00330000,0.00450000
1999.3101,0.22214216,-0.20699251,-0.02119566,0.00420000,0.00330000,0.00460000
1999.3128,0.22687379,-0.20999529,-0.00906329,0.00420000,0.00320000,0.00440000
1999.3155,0.21979142,-0.20781251,-0.01141261,0.00490000,0.00385000,0.00505000
1999.3183,0.22026853,-0.20701445,-0.01900994,0.00420000,0.00330000,0.00440000
1999.3210,0.22044351,-0.20530396,-0.01722855,0.00445000,0.00330000,0.00460000
1999.3238,0.21883088,-0.20461276,-0.00870575,0.00525000,0.00370000,0.00545000
1999.3265,0.21440642,-0.20340208,-0.00861409,0.00450000,0.00350000,0.00480000
1999.3292,0.22172263,-0.20316019,-0.00855730,0.00410000,0.00315000,0.00440000
1999.3320,0.22108949,-0.20329539,-0.01117783,0.00420000,0.00320000,0.00450000
1999.3347,0.22077459,-0.20351186,-0.01350413,0.00430000,0.00330000,0.00440000
1999.3374,0.22310094,-0.20848991,-0.01559313,0.00445000,0.00345000,0.00465000
1999.3402,0.22408291,-0.20332470,-0.01611524,0.00430000,0.00340000,0.00455000
1999.3429,0.22225486,-0.20395336,-0.01990251,0.00390000,0.00320000,0.00415000
1999.3457,0.22287272,-0.20206238,-0.01583769,0.00420000,0.00305000,0.00450000
1999.3484,0.22698169,-0.19906808,-0.00385871,0.00425000,0.00340000,0.00450000
1999.3511,0.22138609,-0.20837045,-0.01343559,0.00425000,0.00330000,0.00440000
1999.3539,0.22564651,-0.20723095,-0.01298301,0.00440000,0.00330000,0.00460000
1999.3566,0.23279808,-0.20761210,-0.01255974,0.00425000,0.00330000,0.00450000
1999.3593,0.22701369,-0.20636887,-0.01850351,0.00450000,0.00340000,0.00480000
1999.3621,0.23056631,-0.20748133,-0.00964042,0.00425000,0.00320000,0.00455000
1999.3648,0.22208163,-0.20726500,-0.00302182,0.00460000,0.00360000,0.00470000
1999.3676,0.22539279,-0.20167764,-0.00527128,0.00425000,0.00335000,0.00450000
1999.3703,0.22380319,-0.20200070,-0.00373129,0.00460000,0.00360000,0.00470000
1999.3730,0.22154047,-0.20788824,-0.01161406,0.00405000,0.00330000,0.00435000
1999.3758,0.22373901,-0.20607305,-0.00774535,0.00425000,0.00315000,0.00450000
1999.3785,0.22596224,-0.20614480,-0.01776711,0.00420000,0.00330000,0.00450000
1999.3812,0.21871362,-0.20939195,-0.02246995,0.00450000,0.00350000,0.00470000
1999.3867,0.22167843,-0.20432812,-0.00928251,0.00420000,0.00330000,0.00450000
1999.3895,0.22529536,-0.20509181,-0.00696120,0.00450000,0.00340000,0.00480000
1999.3922,0.22449524,-0.20771731,-0.00433645,0.00490000,0.00360000,0.00510000
1999.3949,0.22464625,-0.20358384,-0.01199257,0.00470000,0.00340000,0.00490000
1999.3977,0.22376778,-0.20474641,-0.01124300,0.00490000,0.00370000,0.00510000
1999.4004,0.22046872,-0.20605442,-0.01024788,0.00450000,0.00330000,0.00470000
1999.4031,0.22400050,-0.20552401,-0.00559696,0.00460000,0.00360000,0.00480000
1999.4059,0.22576429,-0.21009875,-0.01792795,0.00480000,0.00360000,0.00500000
1999.4086,0.22892162,-0.20464915,-0.01997375,0.00445000,0.00350000,0.00500000
1999.4114,0.21968114,-0.21205356,-0.02171929,0.00470000,0.00360000,0.00480000
1999.4141,0.22352865,-0.20277114,-0.02457387,0.00460000,0.00370000,0.00490000
1999.4168,0.22933714,-0.20604372,-0.01754726,0.00450000,0.00350000,0.00470000
1999.4196,0.23029814,-0.20481797,-0.02437346,0.00495000,0.00380000,0.00520000
1999.4223,0.22481923,-0.20346993,-0.02926279,0.00490000,0.00375000,0.00500000
1999.4251,0.22511612,-0.20733069,-0.01686090,0.00460000,0.00350000,0.00480000
1999.4278,0.22691489,-0.20661886,-0.02264459,0.00435000,0.00335000,0.00460000
1999.4305,0.22250325,-0.20961666,-0.01053771,0.00450000,0.00350000,0.00460000
1999.4333,0.22489530,-0.21040456,-0.01544175,0.00450000,0.00355000,0.00485000
1999.4360,0.23100878,-0.20479410,-0.01985770,0.00465000,0.00345000,0.00480000
1999.4387,0.22295022,-0.20583405,-0.02485676,0.00420000,0.00330000,0.00430000
1999.4415,0.22380965,-0.21128692,-0.02875481,0.00415000,0.00325000,0.00430000
1999.4442,0.23278200,-0.21202009,-0.03714895,0.00430000,0.00330000,0.00450000
1999.4470,0.22890516,-0.20898593,-0.03742200,0.00440000,0.00340000,0.00460000
1999.4497,0.22454009,-0.20709250,-0.03000280,0.00460000,0.00365000,0.00485000
1999.4524,0.22439961,-0.20633428,-0.02353461,0.00435000,0.00355000,0.00455000
1999.4552,0.23089927,-0.20744553,-0.01166042,0.00450000,0.00340000,0.00480000
1999.4579,0.22358087,-0.20944908,-0.01399503,0.00460000,0.00360000,0.00490000
1999.4606,0.22763257,-0.20777122,-0.02354635,0.00445000,0.00355000,0.00480000
1999.4634,0.22781004,-0.20850616,-0.00564431,0.00445000,0.00330000,0.00475000
1999.4661,0.22125170,-0.20988290,-0.02143695,0.00445000,0.00330000,0.00460000
1999.4689,0.22418115,-0.20991441,-0.03413002,0.00450000,0.00340000,0.00460000
1999.4716,0.22318236,-0.21038040,-0.02194481,0.00460000,0.00350000,0.00490000
1999.4743,0.22288513,-0.21296358,-0.02092028,0.00440000,0.00350000,0.00460000
1999.4771,0.22369501,-0.20601793,-0.02095032,0.00430000,0.00350000,0.00470000
1999.4798,0.22306704,-0.20763017,-0.01992182,0.00480000,0.00360000,0.00510000
1999.4825,0.22853404,-0.21259005,-0.01203279,0.00485000,0.00385000,0.00525000
1999.4853,0.22469760,-0.20937954,-0.02468921,0.00460000,0.00350000,0.00480000
1999.4880,0.22222470,-0.21496293,-0.01815082,0.00455000,0.00355000,0.00475000
1999.4908,0.21697489,-0.20956206,-0.01140869,0.00460000,0.00360000,0.00480000
1999.4935,0.21855634,-0.21327172,-0.02327990,0.00495000,0.00380000,0.00520000
1999.4962,0.22142451,-0.21064845,-0.01965701,0.00460000,0.00360000,0.00480000
1999.4990,0.21922728,-0.20809712,-0.01418727,0.00505000,0.00385000,0.00515000
1999.5017,0.21921193,-0.20742554,-0.01281410,0.00465000,0.00355000,0.00485000
1999.5044,0.22414178,-0.21368867,-0.01760833,0.00465000,0.00355000,0.00485000
1999.5072,0.21918364,-0.20674730,-0.02147015,0.00450000,0.00340000,0.00470000
1999.5099,0.22136992,-0.21339553,-0.01538326,0.00450000,0.00340000,0.00455000
1999.5127,0.22215061,-0.21311756,-0.02242180,0.00480000,0.00360000,0.00500000
1999.5154,0.22497701,-0.21042903,-0.02663045,0.00480000,0.00400000,0.00510000
1999.5181,0.22706256,-0.20797796,-0.01933676,0.00480000,0.00420000,0.00520000
1999.5209,0.23037732,-0.20967290,-0.02082857,0.00490000,0.00380000,0.00520000
1999.5236,0.23210832,-0.21020883,-0.01486500,0.00490000,0.00385000,0.00505000
1999.5264,0.22900199,-0.21528139,-0.02122243,0.00480000,0.00390000,0.00500000
1999.5291,0.22798980,-0.21323357,-0.02481531,0.00530000,0.00410000,0.00530000
1999.5318,0.22327609,-0.21721210,-0.02217547,0.00470000,0.00395000,0.00505000
1999.5346,0.22689588,-0.21430495,-0.02190469,0.00510000,0.00380000,0.00520000
1999.5373,0.22521617,-0.20962103,-0.02804548,0.00460000,0.00380000,0.00490000
1999.5400,0.23200639,-0.20844149,-0.03748377,0.00485000,0.00385000,0.00505000
1999.5428,0.22119641,-0.21202378,-0.02292375,0.00455000,0.00380000,0.00480000
1999.5455,0.22095076,-0.20944205,-0.02355670,0.00470000,0.00370000,0.00500000
1999.5483,0.21642617,-0.20416355,-0.00709915,0.00520000,0.00400000,0.00560000
1999.5510,0.22208840,-0.20443500,-0.01012167,0.00500000,0.00400000,0.00540000
1999.5537,0.22552978,-0.20775826,-0.01373246,0.00480000,0.00370000,0.00520000
1999.5565,0.22500665,-0.20927716,-0.01550145,0.00480000,0.00370000,0.00490000
1999.5592,0.22698384,-0.21292314,-0.02740074,0.00485000,0.00400000,0.00520000
1999.5619,0.22651068,-0.20791040,-0.02460545,0.00480000,0.00390000,0.00490000
1999.5647,0.22127903,-0.20762820,-0.00934390,0.00480000,0.00380000,0.00490000
1999.5674,0.22210677,-0.21143279,-0.00782002,0.00460000,0.00365000,0.00470000
1999.5702,0.22869721,-0.20897743,-0.00303245,0.00470000,0.00375000,0.00490000
1999.5729,0.23351096,-0.20279271,-0.00940531,0.00490000,0.00410000,0.00510000
1999.5756,0.22740541,-0.20791901,-0.00628284,0.00500000,0.00410000,0.00540000
1999.5784,0.23230528,-0.21362651,-0.00493263,0.00450000,0.00370000,0.00490000
1999.5811,0.22672492,-0.21017105,-0.01218536,0.00450000,0.00360000,0.00480000
1999.5838,0.22778651,-0.20885235,-0.01766982,0.00445000,0.00360000,0.00475000
1999.5866,0.22801753,-0.21146366,-0.02001106,0.00480000,0.00360000,0.00530000
1999.5893,0.23603886,-0.21264616,-0.01854903,0.00470000,0.00370000,0.00490000
1999.5921,0.23195881,-0.21192768,-0.02141846,0.00500000,0.00400000,0.00540000
1999.5948,0.23119919,-0.21182129,-0.00907718,0.00465000,0.00385000,0.00495000
1999.5975,0.21653997,-0.21260189,-0.00851748,0.00450000,0.00360000,0.00480000
1999.6003,0.21941397,-0.21287341,-0.01626865,0.00460000,0.00380000,0.00490000
1999.6030,0.22101398,-0.21032151,-0.02356686,0.00460000,0.00375000,0.00510000
1999.6057,0.22183690,-0.20942973,-0.00574374,0.00500000,0.00370000,0.00540000
1999.6085,0.22361205,-0.22034304,-0.01165043,0.00480000,0.00370000,0.00510000
1999.6140,0.22920828,-0.21043803,-0.00748729,0.00425000,0.00330000,0.00455000
1999.6167,0.22926200,-0.21449653,0.00150744,0.00430000,0.00345000,0.00475000
1999.6194,0.22822875,-0.20989726,-0.01448785,0.00455000,0.00350000,0.00490000
1999.6222,0.23152432,-0.21262078,-0.02336378,0.00440000,0.00350000,0.00470000
1999.6249,0.23163194,-0.21725218,-0.01445230,0.00465000,0.00340000,0.00510000
1999.6277,0.22911563,-0.20943595,-0.01149657,0.00450000,0.00360000,0.00500000
1999.6304,0.22915032,-0.20736832,-0.00955030,0.00480000,0.00390000,0.00520000
1999.6331,0.22889138,-0.21053060,-0.01497076,0.00450000,0.00340000,0.00485000
1999.6359,0.22921504,-0.21545428,-0.01770284,0.00520000,0.00370000,0.00550000
1999.6386,0.23414496,-0.21550509,-0.02172662,0.00425000,0.00340000,0.00480000
1999.6413,0.22580122,-0.21065929,-0.01642580,0.00430000,0.00340000,0.00475000
1999.6441,0.23229583,-0.21514726,-0.02820843,0.00525000,0.00425000,0.00565000
1999.6468,0.22897135,-0.21115452,-0.02008253,0.00490000,0.00400000,0.00510000
1999.6496,0.23081430,-0.21271683,-0.01401405,0.00510000,0.00395000,0.00525000
1999.6523,0.22719333,-0.21426972,-0.01205054,0.00500000,0.00405000,0.00530000
1999.6550,0.22759934,-0.21925469,0.00079424,0.00450000,0.00360000,0.00480000
1999.6578,0.22771228,-0.21512313,-0.00726139,0.00470000,0.00375000,0.00500000
1999.6605,0.22012486,-0.21701403,-0.01041619,0.00470000,0.00360000,0.00500000
1999.6632,0.22574236,-0.20957184,-0.02749007,0.00510000,0.00380000,0.00540000
1999.6660,0.22202165,-0.21640193,-0.02285988,0.00480000,0.00400000,0.00530000
1999.6687,0.22865332,-0.21114931,-0.02647043,0.00475000,0.00375000,0.00505000
1999.6715,0.22971532,-0.21323848,-0.01937268,0.00475000,0.00380000,0.00495000
1999.6742,0.22834863,-0.21257631,-0.01994746,0.00430000,0.00345000,0.00460000
1999.6769,0.22377322,-0.21266984,-0.01790980,0.00430000,0.00350000,0.00480000
1999.6797,0.22925409,-0.21129568,-0.01863232,0.00450000,0.00360000,0.00480000
1999.6824,0.22892130,-0.21166056,-0.01495101,0.00405000,0.00330000,0.00450000
1999.6851,0.22657996,-0.21353419,-0.02072524,0.00460000,0.00355000,0.00505000
1999.7426,0.23410464,-0.21978244,-0.01911781,0.00400000,0.00325000,0.00435000
1999.7454,0.23932488,-0.21810238,-0.01829402,0.00400000,0.00320000,0.00420000
1999.7509,0.23588546,-0.21796804,-0.01617183,0.00435000,0.00325000,0.00470000
1999.7536,0.23531501,-0.21309565,-0.00915165,0.00440000,0.00340000,0.00480000
1999.7563,0.23851957,-0.21603034,-0.01615181,0.00420000,0.00330000,0.00450000
1999.7591,0.22927162,-0.21536522,-0.01582872,0.00410000,0.00320000,0.00430000
1999.7618,0.23324976,-0.21671012,-0.02269708,0.00440000,0.00320000,0.00460000
1999.7645,0.23752845,-0.21140726,-0.02279235,0.00445000,0.00340000,0.00495000
1999.7673,0.23547568,-0.21519168,-0.00641058,0.00460000,0.00340000,0.00500000
1999.7700,0.23342611,-0.21633597,-0.02002246,0.00390000,0.00310000,0.00420000
1999.7728,0.23607593,-0.21729426,-0.01116832,0.00385000,0.00300000,0.00410000
1999.7755,0.23896961,-0.21586664,-0.01400022,0.00390000,0.00310000,0.00420000
1999.7782,0.22863379,-0.21978978,-0.01268509,0.00415000,0.00320000,0.00440000
1999.7810,0.23664512,-0.22056720,-0.01003366,0.00400000,0.00320000,0.00440000
1999.7837,0.23714604,-0.21341651,-0.01293112,0.00420000,0.00335000,0.00460000
1999.7864,0.23396379,-0.21223321,-0.01882809,0.00380000,0.00310000,0.00420000
1999.7892,0.23439970,-0.21860459,-0.01644130,0.00400000,0.00320000,0.00430000
1999.7919,0.23334609,-0.21950977,-0.01501034,0.00405000,0.00325000,0.00440000
1999.7947,0.23750217,-0.21668444,-0.01163757,0.00390000,0.00325000,0.00415000
1999.7974,0.24125854,-0.21667311,-0.00754701,0.00370000,0.00290000,0.00420000
1999.8001,0.23952352,-0.21464558,-0.00958582,0.00425000,0.00295000,0.00455000
1999.8029,0.23565683,-0.21319005,-0.01513448,0.00410000,0.00300000,0.00440000
1999.8056,0.23309701,-0.21112486,-0.01178775,0.00380000,0.00300000,0.00410000
1999.8084,0.23890735,-0.21211917,-0.00285624,0.00430000,0.00325000,0.00455000
1999.8111,0.23558581,-0.21992445,-0.00059091,0.00390000,0.00310000,0.00430000
1999.8138,0.23801982,-0.22008272,-0.00164882,0.00435000,0.00340000,0.00475000
1999.8166,0.23818708,-0.21512603,-0.00227007,0.00430000,0.00340000,0.00470000
1999.8193,0.24094813,-0.21639732,-0.01071100,0.00440000,0.00330000,0.00470000
1999.8220,0.23476845,-0.21475766,-0.01602251,0.00430000,0.00330000,0.00470000
1999.8248,0.23833965,-0.22134910,-0.01300834,0.00420000,0.00340000,0.00460000
1999.8275,0.23770453,-0.21259534,-0.01406061,0.00410000,0.00330000,0.00460000
1999.8303,0.24026086,-0.21692507,-0.02208577,0.00425000,0.00330000,0.00445000
1999.8330,0.24250586,-0.21530798,-0.01812508,0.00430000,0.00310000,0.00460000
1999.8357,0.23789570,-0.21757938,-0.01993440,0.00415000,0.00325000,0.00445000
1999.8385,0.23697049,-0.22128607,-0.01595738,0.00440000,0.00320000,0.00480000
1999.8412,0.23666843,-0.21789922,-0.00923340,0.00410000,0.00330000,0.00430000
1999.8439,0.23518465,-0.22244767,-0.01323809,0.00420000,0.00310000,0.00440000
1999.8467,0.23651197,-0.21969383,-0.00974707,0.00435000,0.00335000,0.00470000
1999.8494,0.23618033,-0.21876923,-0.00806520,0.00430000,0.00330000,0.00460000
1999.8522,0.24035296,-0.21866718,-0.02367524,0.00455000,0.00365000,0.00480000
1999.8549,0.23590586,-0.21369670,-0.01816567,0.00480000,0.00380000,0.00495000
1999.8576,0.23822459,-0.21832805,-0.01504034,0.00420000,0.00330000,0.00450000
1999.8604,0.23865139,-0.21985843,-0.02350555,0.00425000,0.00325000,0.00445000
1999.8631,0.23496751,-0.21649266,-0.01790586,0.00415000,0.00320000,0.00455000
1999.8658,0.23175598,-0.21997121,-0.01339076,0.00400000,0.00300000,0.00440000
1999.8686,0.23487153,-0.21427012,-0.01162728,0.00445000,0.00350000,0.00475000
1999.8713,0.23306625,-0.21590988,-0.02062723,0.00410000,0.00320000,0.00445000
1999.8741,0.23106184,-0.20909983,-0.02553950,0.00445000,0.00370000,0.00505000
1999.8768,0.23258649,-0.21494786,-0.02348422,0.00430000,0.00320000,0.00505000
1999.8795,0.23966276,-0.21556171,-0.01772833,0.00430000,0.00340000,0.00490000
1999.8823,0.24038902,-0.21502978,-0.01850051,0.00405000,0.00320000,0.00435000
1999.8850,0.23601562,-0.21973091,-0.02018705,0.00390000,0.00310000,0.00440000
1999.8877,0.23853500,-0.22009609,-0.02311326,0.00450000,0.00350000,0.00510000
1999.8905,0.23957450,-0.21583860,-0.03552874,0.00465000,0.00350000,0.00505000
1999.8932,0.23781615,-0.22152103,-0.01844866,0.00440000,0.00330000,0.00470000
1999.8960,0.23680117,-0.21550055,-0.02412568,0.00430000,0.00325000,0.00445000
1999.8987,0.23955959,-0.21705472,-0.02211584,0.00400000,0.00305000,0.00420000
1999.9014,0.24156131,-0.22145610,-0.01836199,0.00440000,0.00330000,0.00480000
1999.9042,0.23719114,-0.22163467,-0.01429162,0.00410000,0.00310000,0.00445000
1999.9069,0.23709833,-0.22049899,-0.02920211,0.00405000,0.00295000,0.00420000
1999.9097,0.23751960,-0.21761970,-0.02576207,0.00385000,0.00280000,0.00415000
1999.9124,0.23592036,-0.21651610,-0.03299949,0.00380000,0.00285000,0.00410000
1999.9151,0.22941828,-0.21480787,-0.02070058,0.00430000,0.00315000,0.00455000
1999.9179,0.24155831,-0.21558592,-0.02209432,0.00410000,0.00310000,0.00450000
1999.9206,0.24352101,-0.21403629,-0.01635208,0.00390000,0.00310000,0.00420000
1999.9233,0.23718315,-0.21804602,-0.01453515,0.00430000,0.00330000,0.00470000
1999.9261,0.23924876,-0.21866238,-0.01928745,0.00415000,0.00330000,0.00450000
1999.9288,0.23923891,-0.21804893,-0.02182982,0.00425000,0.00325000,0.00450000
1999.9316,0.23521394,-0.21772685,-0.01984522,0.00390000,0.00300000,0.00410000
1999.9343,0.23539103,-0.22070696,-0.01053488,0.00405000,0.00320000,0.00440000
1999.9370,0.24007859,-0.21838625,-0.01300792,0.00450000,0.00320000,0.00500000
1999.9398,0.23807570,-0.21547932,-0.01595669,0.00410000,0.00310000,0.00445000
1999.9425,0.23303710,-0.22066634,-0.00968557,0.00450000,0.00330000,0.00480000
1999.9452,0.23424887,-0.21761709,-0.01138314,0.00405000,0.00310000,0.00450000
1999.9480,0.23652079,-0.21644879,-0.00727996,0.00400000,0.00300000,0.00420000
1999.9507,0.23069905,-0.21769625,-0.00332350,0.00430000,0.00335000,0.00460000
1999.9535,0.23605016,-0.22013817,-0.00787827,0.00385000,0.00310000,0.00420000
1999.9562,0.23803288,-0.22482296,-0.00702345,0.00410000,0.00310000,0.00440000
1999.9589,0.23632997,-0.21615600,-0.01472683,0.00410000,0.00330000,0.00440000
1999.9617,0.23525849,-0.21788947,-0.01274178,0.00455000,0.00325000,0.00475000
1999.9644,0.23976474,-0.22315946,-0.01010192,0.00420000,0.00320000,0.00450000
1999.9671,0.23875520,-0.21645618,-0.01159443,0.00415000,0.00310000,0.00445000
1999.9699,0.23765580,-0.21972935,-0.01154410,0.00420000,0.00350000,0.00470000
1999.9726,0.23807352,-0.22098625,-0.01442197,0.00410000,0.00330000,0.00440000
1999.9754,0.24136011,-0.21818223,-0.01836877,0.00440000,0.00360000,0.00470000
1999.9781,0.24041523,-0.22320101,-0.01241567,0.00390000,0.00300000,0.00420000
1999.9808,0.23773438,-0.22141913,-0.01225790,0.00390000,0.00310000,0.00440000
1999.9836,0.24220820,-0.22292893,-0.01689533,0.00390000,0.00300000,0.00420000
1999.9863,0.23959164,-0.22432842,-0.01515758,0.00390000,0.00325000,0.00425000
1999.9890,0.24624001,-0.22386547,-0.02177630,0.00410000,0.00340000,0.00460000
1999.9918,0.24638531,-0.22353785,-0.01628737,0.00410000,0.00345000,0.00455000
1999.9945,0.24451957,-0.22430224,-0.00866644,0.00380000,0.00300000,0.00420000
1999.9973,0.24424567,-0.22409196,-0.01310518,0.00400000,0.00330000,0.00440000
2000.0000,0.24549933,-0.22455711,-0.01543970,0.00430000,0.00370000,0.00470000
2000.0027,0.24341812,-0.22562442,-0.01563089,0.00385000,0.00340000,0.00430000
2000.0055,0.24010179,-0.22394119,-0.00852025,0.00505000,0.00410000,0.00530000
2000.0082,0.24152275,-0.22834664,-0.01060704,0.00410000,0.00370000,0.00440000
2000.0110,0.24223837,-0.22028690,-0.01332878,0.00370000,0.00330000,0.00430000
2000.0137,0.24550302,-0.22251745,-0.01603507,0.00410000,0.00340000,0.00455000
2000.0164,0.24532680,-0.22100575,-0.00227473,0.00415000,0.00335000,0.00460000
2000.0192,0.24678051,-0.21970157,-0.00502521,0.00420000,0.00320000,0.00450000
2000.0219,0.24330430,-0.22033467,-0.00086362,0.00395000,0.00320000,0.00435000
2000.0246,0.24342936,-0.22710038,-0.00847979,0.00410000,0.00335000,0.00435000
2000.0274,0.24610105,-0.22419754,-0.00505243,0.00385000,0.00345000,0.00425000
2000.0301,0.24601731,-0.22629275,-0.01489974,0.00480000,0.00400000,0.00520000
2000.0329,0.23898606,-0.22523746,-0.01226798,0.00430000,0.00370000,0.00480000
2000.0356,0.24284201,-0.22341307,-0.01583698,0.00405000,0.00335000,0.00455000
2000.0383,0.24016247,-0.22596547,-0.00787248,0.00430000,0.00340000,0.00465000
2000.0411,0.24300708,-0.22870083,-0.01339294,0.00415000,0.00335000,0.00460000
2000.0465,0.24771469,-0.22880874,-0.01441497,0.00420000,0.00350000,0.00450000
2000.0493,0.24383845,-0.22339098,-0.01414363,0.00425000,0.00355000,0.00480000
2000.0520,0.24538438,-0.22128935,-0.02195112,0.00430000,0.00340000,0.00460000
2000.0548,0.24282979,-0.21941632,-0.01166363,0.00450000,0.00370000,0.00490000
2000.0575,0.24316882,-0.22272889,-0.01904352,0.00420000,0.00330000,0.00460000
2000.0602,0.24793473,-0.22246698,-0.02035357,0.00420000,0.00310000,0.00470000
2000.0630,0.24338674,-0.22330495,-0.00803303,0.00390000,0.00305000,0.00435000
2000.0657,0.24294487,-0.22591451,-0.01013667,0.00400000,0.00310000,0.00440000
2000.0684,0.23738028,-0.22548000,-0.00930364,0.00440000,0.00360000,0.00490000
2000.0712,0.24449291,-0.22384797,-0.02318356,0.00480000,0.00345000,0.00510000
2000.0739,0.24259393,-0.21916748,-0.02071663,0.00420000,0.00340000,0.00480000
2000.0767,0.24593298,-0.21959637,-0.01605169,0.00400000,0.00310000,0.00430000
2000.0794,0.23976035,-0.22457892,-0.01565716,0.00415000,0.00315000,0.00465000
2000.0821,0.25261791,-0.22496628,-0.01657161,0.00430000,0.00335000,0.00475000
2000.0849,0.24505112,-0.22016455,-0.01514360,0.00410000,0.00350000,0.00480000
2000.0876,0.24158105,-0.22146265,-0.02844920,0.00390000,0.00320000,0.00430000
2000.0903,0.24274250,-0.22610031,-0.02653527,0.00365000,0.00295000,0.00405000
2000.0931,0.24580125,-0.22703865,-0.02510968,0.00370000,0.00295000,0.00420000
2000.0958,0.24775883,-0.22541456,-0.01864531,0.00380000,0.00310000,0.00420000
2000.0986,0.24145451,-0.22711474,-0.02569148,0.00360000,0.00290000,0.00410000
2000.1013,0.24298087,-0.22595517,-0.02663731,0.00400000,0.00315000,0.00440000
2000.1040,0.23800136,-0.22905303,-0.01637425,0.00380000,0.00305000,0.00415000
2000.1068,0.24512799,-0.23011820,-0.01976198,0.00410000,0.00320000,0.00455000
2000.1095,0.24431146,-0.23133529,-0.01887589,0.00420000,0.00330000,0.00470000
2000.1123,0.24279030,-0.22771090,-0.01560486,0.00445000,0.00360000,0.00495000
2000.1150,0.24262079,-0.22352629,-0.02153479,0.00450000,0.00355000,0.00495000
2000.1177,0.24025287,-0.22864122,-0.01602557,0.00485000,0.00380000,0.00520000
2000.1205,0.24159049,-0.22504609,-0.01729487,0.00370000,0.00300000,0.00400000
2000.1259,0.24812008,-0.22529119,-0.00876385,0.00400000,0.00350000,0.00445000
2000.1287,0.24618514,-0.22997083,-0.01099354,0.00470000,0.00360000,0.00500000
2000.1314,0.24739875,-0.22328730,-0.01645595,0.00450000,0.00395000,0.00490000
2000.1342,0.24705823,-0.23385696,-0.01996333,0.00400000,0.00315000,0.00415000
2000.1369,0.24244763,-0.22996294,-0.02206162,0.00410000,0.00335000,0.00435000
2000.1396,0.23557054,-0.23109990,-0.02009263,0.00435000,0.00365000,0.00490000
2000.1424,0.24293467,-0.23797477,-0.01469411,0.00485000,0.00435000,0.00570000
2000.1451,0.24413800,-0.23269728,-0.00702380,0.00400000,0.00330000,0.00430000
2000.1478,0.24420119,-0.23316239,-0.01878893,0.00400000,0.00350000,0.00440000
2000.1506,0.24431150,-0.23147536,-0.01322492,0.00450000,0.00400000,0.00490000
2000.1533,0.24183314,-0.23464359,-0.01007519,0.00410000,0.00350000,0.00450000
2000.1561,0.24261106,-0.23128303,-0.00306180,0.00390000,0.00320000,0.00460000
2000.1588,0.24689091,-0.22943386,-0.00604280,0.00400000,0.00320000,0.00450000
2000.1615,0.24465572,-0.23079131,-0.01041917,0.00410000,0.00320000,0.00440000
2000.1643,0.24523740,-0.23066701,-0.00892551,0.00390000,0.00320000,0.00430000
2000.1670,0.24808981,-0.23092022,-0.00911482,0.00460000,0.00400000,0.00505000
2000.1697,0.23976824,-0.23154821,-0.01969037,0.00390000,0.00325000,0.00425000
2000.1725,0.24345726,-0.22838999,-0.00918157,0.00450000,0.00375000,0.00490000
2000.1752,0.24774007,-0.23230808,-0.02087487,0.00445000,0.00355000,0.00490000
2000.1780,0.24445676,-0.22935646,-0.02546413,0.00450000,0.00380000,0.00500000
2000.1834,0.24142704,-0.23348412,-0.01713427,0.00380000,0.00330000,0.00420000
2000.1862,0.24206089,-0.22953078,-0.02091200,0.00530000,0.00465000,0.00570000
2000.1889,0.24636080,-0.23222798,-0.02065383,0.00460000,0.00350000,0.00510000
2000.1916,0.23898297,-0.22663177,-0.01107022,0.00420000,0.00340000,0.00460000
2000.1944,0.24001389,-0.23185126,-0.02270062,0.00380000,0.00340000,0.00440000
2000.1971,0.24596226,-0.23015198,-0.01753956,0.00415000,0.00340000,0.00445000
2000.1999,0.24850551,-0.23379655,-0.00874430,0.00445000,0.00370000,0.00480000
2000.2026,0.23962490,-0.23554369,-0.01245916,0.00440000,0.00375000,0.00490000
2000.2053,0.24186857,-0.23051948,-0.00852635,0.00410000,0.00340000,0.00435000
2000.2081,0.24310271,-0.23227021,-0.02399306,0.00400000,0.00340000,0.00440000
2000.2136,0.25129407,-0.23079958,-0.02275398,0.00370000,0.00310000,0.00400000
2000.2163,0.25425067,-0.23106841,-0.02656167,0.00380000,0.00320000,0.00420000
2000.2190,0.24520350,-0.23033951,-0.02221224,0.00480000,0.00380000,0.00540000
2000.2218,0.25280643,-0.22907003,-0.01262723,0.00490000,0.00405000,0.00535000
2000.2245,0.25062684,-0.23353915,-0.01815384,0.00440000,0.00360000,0.00485000
2000.2272,0.24803514,-0.23384376,-0.02316285,0.00460000,0.00370000,0.00490000
2000.2300,0.24552079,-0.23038732,-0.02471856,0.00405000,0.00345000,0.00445000
2000.2327,0.24692579,-0.22800970,-0.01858140,0.00430000,0.00350000,0.00480000
2000.2355,0.24207019,-0.23323422,-0.01930092,0.00450000,0.00370000,0.00475000
2000.2382,0.25215949,-0.23294302,-0.02312565,0.00440000,0.00370000,0.00480000
2000.2409,0.24277098,-0.23028638,-0.00998028,0.00395000,0.00335000,0.00435000
2000.2437,0.24966729,-0.23333904,-0.02124564,0.00360000,0.00295000,0.00390000
2000.2464,0.24424374,-0.23251034,-0.01570945,0.00350000,0.00295000,0.00395000
2000.2491,0.25169316,-0.22841258,-0.02035744,0.00400000,0.00340000,0.00460000
2000.2519,0.24292538,-0.23415847,-0.02229228,0.00430000,0.00300000,0.00480000
2000.2546,0.24374110,-0.23447338,-0.01290218,0.00400000,0.00320000,0.00430000
2000.2574,0.24498622,-0.22909910,-0.02125061,0.00380000,0.00310000,0.00420000
2000.2601,0.24992720,-0.23706716,-0.02157251,0.00380000,0.00315000,0.00420000
2000.2628,0.24931010,-0.23226088,-0.01708824,0.00375000,0.00310000,0.00405000
2000.2656,0.24448307,-0.23162473,-0.02429846,0.00460000,0.00380000,0.00490000
2000.2683,0.24784451,-0.23388519,-0.02161205,0.00390000,0.00330000,0.00420000
2000.2710,0.24912109,-0.23109090,-0.01062531,0.00410000,0.00310000,0.00440000
2000.2738,0.24566321,-0.22970227,-0.01913494,0.00390000,0.00320000,0.00420000
2000.2765,0.25217431,-0.23075283,-0.01420982,0.00390000,0.00300000,0.00410000
2000.2793,0.24980401,-0.23376114,-0.01586330,0.00345000,0.00275000,0.00390000
2000.2820,0.24536060,-0.23144641,-0.02215774,0.00415000,0.00335000,0.00450000
2000.2847,0.24572119,-0.23121387,-0.02666514,0.00390000,0.00280000,0.00440000
2000.2875,0.24320780,-0.23195833,-0.01977758,0.00465000,0.00380000,0.00500000
2000.2902,0.24761616,-0.23370947,-0.02094897,0.00410000,0.00325000,0.00445000
2000.2930,0.24810768,-0.23193078,-0.01146391,0.00410000,0.00340000,0.00450000
2000.2957,0.24098106,-0.23573145,-0.01771221,0.00425000,0.00345000,0.00460000
2000.2984,0.24354203,-0.23797857,-0.02434479,0.00460000,0.00360000,0.00470000
2000.3012,0.24644046,-0.23248298,-0.02712973,0.00390000,0.00330000,0.00430000
2000.3039,0.24655859,-0.22846970,-0.00150158,0.00380000,0.00290000,0.00420000
2000.3066,0.24428051,-0.22722521,-0.01849730,0.00405000,0.00320000,0.00435000
2000.3094,0.24239369,-0.23153506,-0.01143673,0.00400000,0.00320000,0.00430000
2000.3121,0.24832478,-0.23174860,-0.01458700,0.00395000,0.00310000,0.00415000
2000.3149,0.24219184,-0.23424987,-0.01183986,0.00385000,0.00320000,0.00405000
2000.3176,0.24114339,-0.22928962,-0.01232369,0.00390000,0.00320000,0.00430000
2000.3203,0.24611200,-0.23351530,-0.00647615,0.00370000,0.00300000,0.00390000
2000.3231,0.24966001,-0.23083115,-0.02055068,0.00430000,0.00325000,0.00465000
2000.3258,0.24148726,-0.23513210,-0.02503027,0.00420000,0.00325000,0.00460000
2000.3285,0.24500733,-0.23465872,-0.01580881,0.00420000,0.00355000,0.00455000
2000.3313,0.24339591,-0.23482976,-0.01851757,0.00350000,0.00290000,0.00380000
2000.3340,0.24472952,-0.23507211,-0.01943332,0.00370000,0.00285000,0.00410000
2000.3368,0.23816465,-0.23386038,-0.01232588,0.00395000,0.00315000,0.00440000
2000.3395,0.24570614,-0.23313434,-0.00381179,0.00390000,0.00310000,0.00415000
2000.3422,0.23941096,-0.23281239,-0.01797878,0.00380000,0.00290000,0.00410000
2000.3450,0.25203038,-0.23292560,-0.02443438,0.00385000,0.00310000,0.00425000
2000.3477,0.24909935,-0.23473016,-0.02655303,0.00380000,0.00310000,0.00430000
2000.3504,0.24421375,-0.23080556,-0.02419264,0.00390000,0.00310000,0.00420000
2000.3532,0.24436366,-0.23272635,-0.02300285,0.00390000,0.00320000,0.00410000
2000.3559,0.24841883,-0.23674234,-0.01439288,0.00410000,0.00330000,0.00450000
2000.3587,0.24941078,-0.23598217,-0.01168838,0.00390000,0.00310000,0.00410000
2000.3614,0.24939781,-0.23842993,-0.01328334,0.00400000,0.00330000,0.00430000
2000.3641,0.25533082,-0.23946891,-0.01722856,0.00380000,0.00305000,0.00400000
2000.3669,0.25361234,-0.23766731,-0.01926601,0.00355000,0.00290000,0.00385000
2000.3696,0.24850230,-0.24118972,-0.02179267,0.00390000,0.00310000,0.00420000
2000.3723,0.24990798,-0.23689691,-0.01740452,0.00390000,0.00330000,0.00425000
2000.3751,0.25146863,-0.23380005,-0.01745834,0.00430000,0.00320000,0.00440000
2000.3778,0.24207935,-0.23571878,-0.00530253,0.00400000,0.00340000,0.00420000
2000.3806,0.24799623,-0.23924715,-0.02447423,0.00400000,0.00340000,0.00440000
2000.3833,0.24613473,-0.23724518,-0.03053909,0.00395000,0.00325000,0.00430000
2000.3860,0.24589397,-0.23988503,-0.02784676,0.00385000,0.00300000,0.00410000
2000.3888,0.24824138,-0.23203429,-0.01784711,0.00390000,0.00320000,0.00420000
2000.3915,0.25127578,-0.23619472,-0.01323689,0.00370000,0.00300000,0.00415000
2000.3943,0.24669130,-0.23289387,-0.01044540,0.00360000,0.00310000,0.00410000
2000.3970,0.24905411,-0.23412446,-0.00372582,0.00440000,0.00350000,0.00480000
2000.3997,0.24807792,-0.23131326,-0.01194470,0.00410000,0.00310000,0.00430000
2000.4025,0.25178747,-0.23417510,-0.02971827,0.00415000,0.00330000,0.00460000
2000.4052,0.24723940,-0.23654792,-0.02245284,0.00420000,0.00340000,0.00460000
2000.4079,0.24727490,-0.23791394,-0.02355434,0.00440000,0.00330000,0.00450000
2000.4107,0.24776887,-0.23039148,-0.02406993,0.00410000,0.00320000,0.00450000
2000.4134,0.24377744,-0.23101963,-0.02140571,0.00400000,0.00290000,0.00420000
2000.4162,0.24757656,-0.23628275,-0.01749443,0.00380000,0.00310000,0.00390000
2000.4189,0.25022698,-0.23341814,-0.01368589,0.00375000,0.00295000,0.00410000
2000.4216,0.24663852,-0.23734289,-0.01662617,0.00380000,0.00300000,0.00410000
2000.4244,0.24473100,-0.23114604,-0.01902511,0.00390000,0.00325000,0.00425000
2000.4271,0.25070162,-0.24005322,-0.01957883,0.00370000,0.00290000,0.00400000
2000.4298,0.24855557,-0.23634418,-0.01116881,0.00390000,0.00310000,0.00420000
2000.4326,0.24801958,-0.23558886,-0.01302058,0.00380000,0.00300000,0.00410000
2000.4353,0.24743053,-0.23646553,-0.01630872,0.00380000,0.00300000,0.00410000
2000.4381,0.24751772,-0.23622559,-0.02100752,0.00410000,0.00340000,0.00460000
2000.4408,0.24501692,-0.23425183,-0.02200261,0.00400000,0.00320000,0.00430000
2000.4435,0.24328886,-0.23865915,-0.01783980,0.00370000,0.00310000,0.00390000
2000.4463,0.25071607,-0.23481628,-0.01992835,0.00400000,0.00330000,0.00420000
2000.4490,0.24716162,-0.23818268,-0.01967404,0.00410000,0.00310000,0.00440000
2000.4517,0.25036835,-0.23921362,-0.01829597,0.00380000,0.00310000,0.00415000
2000.4545,0.25000683,-0.23726070,-0.02531181,0.00400000,0.00310000,0.00420000
2000.4572,0.24800668,-0.23747124,-0.01755712,0.00380000,0.00290000,0.00420000
2000.4600,0.25355016,-0.23723586,-0.02191657,0.00410000,0.00290000,0.00425000
2000.4627,0.25039819,-0.23741932,-0.02402432,0.00420000,0.00365000,0.00445000
2000.4654,0.25855875,-0.23622847,-0.01658409,0.00405000,0.00315000,0.00425000
2000.4682,0.25770550,-0.23916032,-0.00577943,0.00380000,0.00340000,0.00440000
2000.4709,0.25268054,-0.23613890,-0.00574561,0.00370000,0.00330000,0.00400000
2000.4736,0.25729412,-0.24008101,-0.01134189,0.00425000,0.00315000,0.00440000
2000.4764,0.25535329,-0.23500525,-0.01095999,0.00410000,0.00320000,0.00445000
2000.4791,0.24788653,-0.23734119,-0.00663176,0.00420000,0.00330000,0.00440000
2000.4819,0.25105659,-0.23490836,-0.00947574,0.00400000,0.00325000,0.00425000
2000.4846,0.25607132,-0.23670814,0.00031172,0.00445000,0.00390000,0.00490000
2000.4873,0.25029042,-0.23256138,-0.00309867,0.00420000,0.00330000,0.00480000
2000.4901,0.25627221,-0.22806147,-0.00114911,0.00410000,0.00340000,0.00450000
2000.4928,0.25818344,-0.23153042,-0.01829106,0.00430000,0.00360000,0.00470000
2000.4956,0.25375350,-0.23086074,-0.01835907,0.00470000,0.00370000,0.00480000
2000.4983,0.24636315,-0.23393688,-0.01502681,0.00465000,0.00390000,0.00490000
2000.5010,0.25214486,-0.23405342,-0.01628205,0.00420000,0.00330000,0.00460000
2000.5038,0.25173365,-0.24327401,-0.00847439,0.00435000,0.00355000,0.00465000
2000.5065,0.25598047,-0.23597045,-0.00506200,0.00420000,0.00340000,0.00450000
2000.5092,0.24914765,-0.23605431,-0.00238619,0.00440000,0.00330000,0.00450000
2000.5120,0.24725326,-0.24027948,-0.01738682,0.00410000,0.00340000,0.00445000
2000.5147,0.24988551,-0.23304246,-0.02013067,0.00420000,0.00320000,0.00455000
2000.5175,0.24970211,-0.23609954,-0.02012833,0.00395000,0.00310000,0.00440000
2000.5202,0.25355318,-0.23582767,-0.01798653,0.00450000,0.00340000,0.00480000
2000.5229,0.25240788,-0.23820906,-0.01864488,0.00485000,0.00395000,0.00520000
2000.5257,0.25179170,-0.23570262,-0.02318139,0.00460000,0.00330000,0.00470000
2000.5284,0.25181811,-0.23663427,-0.01424618,0.00440000,0.00350000,0.00475000
2000.5311,0.25402853,-0.23355361,-0.00687982,0.00410000,0.00335000,0.00455000
2000.5339,0.25483316,-0.23933245,-0.01352017,0.00420000,0.00330000,0.00460000
2000.5366,0.25602250,-0.23908617,-0.01004052,0.00420000,0.00360000,0.00460000
2000.5394,0.24922186,-0.23419019,-0.00346293,0.00435000,0.00380000,0.00485000
2000.5421,0.25717538,-0.24597785,-0.01032435,0.00430000,0.00360000,0.00480000
2000.5448,0.25459548,-0.23653796,-0.01075198,0.00415000,0.00345000,0.00455000
2000.5476,0.25534832,-0.23854649,-0.00949208,0.00390000,0.00310000,0.00410000
2000.5503,0.25935385,-0.24149976,-0.01002124,0.00410000,0.00355000,0.00450000
2000.5530,0.25868163,-0.23685776,-0.02017008,0.00400000,0.00345000,0.00430000
2000.5558,0.25489849,-0.23723910,-0.02417321,0.00395000,0.00315000,0.00430000
2000.5585,0.25920777,-0.23595605,-0.01476516,0.00420000,0.00350000,0.00460000
2000.5613,0.25697663,-0.23752229,-0.00192752,0.00450000,0.00350000,0.00460000
2000.5640,0.25694910,-0.23870317,-0.01267044,0.00430000,0.00350000,0.00460000
2000.5667,0.26096050,-0.24364459,-0.01979592,0.00420000,0.00345000,0.00445000
2000.5695,0.25739115,-0.23835521,-0.01610107,0.00430000,0.00350000,0.00460000
2000.5722,0.25264705,-0.24302852,-0.01826465,0.00450000,0.00370000,0.00480000
2000.5749,0.25638493,-0.23957775,-0.00963583,0.00440000,0.00360000,0.00490000
2000.5777,0.26142613,-0.24406068,-0.01933524,0.00460000,0.00380000,0.00490000
2000.5832,0.25020821,-0.23563172,-0.01523610,0.00450000,0.00365000,0.00510000
2000.5859,0.24347031,-0.23430313,-0.01576901,0.00480000,0.00400000,0.00520000
2000.5886,0.24451611,-0.23813595,-0.02191860,0.00500000,0.00360000,0.00530000
2000.5914,0.24703619,-0.23873489,-0.00946923,0.00465000,0.00370000,0.00510000
2000.5941,0.25201706,-0.23547588,-0.02430306,0.00410000,0.00340000,0.00510000
2000.5969,0.25382732,-0.23651509,-0.01859700,0.00450000,0.00365000,0.00485000
2000.5996,0.25604967,-0.24024620,-0.00897764,0.00500000,0.00410000,0.00520000
2000.6023,0.24828706,-0.23680132,-0.01006975,0.00435000,0.00350000,0.00480000
2000.6051,0.26053954,-0.23448457,-0.00309843,0.00420000,0.00340000,0.00450000
2000.6078,0.25917238,-0.23957530,-0.02000576,0.00440000,0.00365000,0.00475000
2000.6105,0.25636898,-0.23508353,-0.02124107,0.00460000,0.00370000,0.00500000
2000.6133,0.25504668,-0.24181126,-0.02103925,0.00460000,0.00400000,0.00520000
2000.6160,0.25564488,-0.23677663,-0.02070803,0.00425000,0.00360000,0.00460000
2000.6188,0.25237483,-0.23782960,-0.01486862,0.00455000,0.00375000,0.00485000
2000.6215,0.25713868,-0.24282011,-0.01480336,0.00460000,0.00360000,0.00475000
2000.6242,0.25002107,-0.24127540,-0.01940337,0.00480000,0.00400000,0.00505000
2000.6270,0.25689101,-0.24047090,-0.00962742,0.00440000,0.00360000,0.00460000
2000.6297,0.25353164,-0.24262442,-0.02152653,0.00450000,0.00380000,0.00480000
2000.6324,0.25976234,-0.23793070,-0.01129412,0.00470000,0.00395000,0.00500000
2000.6352,0.25996795,-0.24267086,-0.01554808,0.00420000,0.00350000,0.00450000
2000.6379,0.25784083,-0.23948809,-0.01957821,0.00390000,0.00320000,0.00410000
2000.6407,0.25961590,-0.23721454,-0.02133670,0.00410000,0.00330000,0.00440000
2000.6434,0.26079830,-0.23677935,-0.02168211,0.00410000,0.00340000,0.00445000
2000.6461,0.25852581,-0.24160240,-0.02103968,0.00430000,0.00360000,0.00465000
2000.6489,0.26172159,-0.24153127,-0.00931362,0.00480000,0.00420000,0.00520000
2000.6516,0.25986687,-0.24044391,-0.00971331,0.00480000,0.00400000,0.00500000
2000.6543,0.25526124,-0.24065726,-0.01463145,0.00450000,0.00380000,0.00490000
2000.6571,0.25490185,-0.24487351,-0.02180884,0.00490000,0.00420000,0.00520000
2000.6598,0.25775713,-0.23856865,-0.01935548,0.00485000,0.00365000,0.00505000
2000.6626,0.25947339,-0.24121675,-0.01669181,0.00500000,0.00430000,0.00540000
2000.6653,0.26215914,-0.23703151,-0.01203355,0.00470000,0.00390000,0.00510000
2000.6680,0.25503102,-0.24135836,-0.02008474,0.00440000,0.00345000,0.00480000
2000.6708,0.25325460,-0.24128793,-0.02244575,0.00445000,0.00365000,0.00500000
2000.6735,0.24891268,-0.24164191,-0.02257450,0.00425000,0.00340000,0.00465000
2000.6762,0.25840748,-0.23902937,-0.01367026,0.00400000,0.00325000,0.00435000
2000.6790,0.25816935,-0.24029826,-0.01597944,0.00395000,0.00315000,0.00425000
2000.6817,0.25910292,-0.24158960,-0.01090092,0.00400000,0.00315000,0.00420000
2000.6845,0.25571019,-0.23755649,-0.00797607,0.00420000,0.00340000,0.00450000
2000.6872,0.26052659,-0.24128455,-0.01147007,0.00460000,0.00390000,0.00490000
2000.6899,0.25702955,-0.24266556,-0.00922652,0.00470000,0.00350000,0.00500000
2000.6927,0.25583364,-0.24540663,-0.01459677,0.00420000,0.00340000,0.00440000
2000.6954,0.25951431,-0.24209608,-0.02463123,0.00415000,0.00325000,0.00445000
2000.6982,0.25571301,-0.24404671,-0.02470695,0.00415000,0.00325000,0.00450000
2000.7009,0.25254248,-0.24120890,-0.03173369,0.00455000,0.00360000,0.00495000
2000.7036,0.25588504,-0.23747341,-0.02400456,0.00420000,0.00355000,0.00460000
2000.7064,0.26002283,-0.24187450,-0.03376929,0.00490000,0.00345000,0.00530000
2000.7091,0.25185670,-0.24748702,-0.02737648,0.00420000,0.00335000,0.00455000
2000.7118,0.25763634,-0.24217934,-0.02413437,0.00400000,0.00335000,0.00430000
2000.7146,0.25591606,-0.24350846,-0.01133533,0.00420000,0.00345000,0.00475000
2000.7173,0.25810715,-0.24236324,-0.02087599,0.00440000,0.00360000,0.00485000
2000.7201,0.25523309,-0.24054375,-0.02165132,0.00385000,0.00320000,0.00420000
2000.7228,0.26005437,-0.24167129,-0.02277079,0.00400000,0.00320000,0.00420000
2000.7255,0.26011829,-0.24110744,-0.01367707,0.00370000,0.00300000,0.00430000
2000.7283,0.25675602,-0.24313594,-0.01254161,0.00385000,0.00300000,0.00415000
2000.7310,0.25790710,-0.24448682,-0.00905145,0.00420000,0.00330000,0.00450000
2000.7337,0.25301606,-0.24240760,-0.02170023,0.00345000,0.00265000,0.00375000
2000.7365,0.25958324,-0.24301850,-0.02740356,0.00350000,0.00260000,0.00360000
2000.7392,0.25363701,-0.23862615,-0.02339748,0.00360000,0.00300000,0.00390000
2000.7420,0.25889108,-0.24561030,-0.02326390,0.00380000,0.00310000,0.00430000
2000.7447,0.25801850,-0.23982296,-0.02545944,0.00370000,0.00330000,0.00420000
2000.7474,0.26493854,-0.24823516,-0.02954994,0.00410000,0.00360000,0.00430000
2000.7502,0.26053064,-0.24256046,-0.02984826,0.00420000,0.00360000,0.00450000
2000.7529,0.25685097,-0.24780482,-0.03243891,0.00365000,0.00310000,0.00410000
2000.7556,0.25279003,-0.24309844,-0.03532664,0.00410000,0.00340000,0.00440000
2000.7584,0.25945715,-0.24842984,-0.03509298,0.00410000,0.00320000,0.00460000
2000.7611,0.25755897,-0.24765371,-0.04437852,0.00410000,0.00350000,0.00455000
2000.7639,0.25862465,-0.24342558,-0.02812951,0.00430000,0.00360000,0.00440000
2000.7666,0.26136301,-0.24489580,-0.02558405,0.00370000,0.00260000,0.00400000
2000.7693,0.25873699,-0.24646135,-0.02855593,0.00370000,0.00265000,0.00410000
2000.7721,0.26501478,-0.24283481,-0.02225126,0.00420000,0.00320000,0.00450000
2000.7748,0.26156042,-0.24797935,-0.02322548,0.00415000,0.00300000,0.00455000
2000.7775,0.25997116,-0.24529804,-0.00954262,0.00420000,0.00270000,0.00440000
2000.7803,0.25755399,-0.23975519,-0.02110575,0.00440000,0.00340000,0.00475000
2000.7830,0.25612604,-0.24273948,-0.01734180,0.00410000,0.00310000,0.00450000
2000.7858,0.25688134,-0.24380183,-0.02040996,0.00360000,0.00270000,0.00390000
2000.7885,0.26287269,-0.24148356,-0.02447684,0.00370000,0.00280000,0.00400000
2000.7912,0.26060771,-0.24166442,-0.03225911,0.00380000,0.00285000,0.00410000
2000.7940,0.25711197,-0.25008306,-0.01928437,0.00375000,0.00280000,0.00405000
2000.7967,0.25852730,-0.24715761,-0.00726869,0.00395000,0.00305000,0.00425000
2000.7995,0.25971617,-0.24501498,-0.01793464,0.00430000,0.00330000,0.00460000
2000.8022,0.26214029,-0.24715722,-0.02244090,0.00410000,0.00330000,0.00450000
2000.8049,0.25846377,-0.24529587,-0.01994969,0.00405000,0.00320000,0.00430000
2000.8077,0.25638086,-0.24141294,-0.02539848,0.00390000,0.00300000,0.00430000
2000.8104,0.26222441,-0.24469750,-0.01298773,0.00390000,0.00300000,0.00410000
2000.8131,0.26406549,-0.24374637,-0.02053873,0.00340000,0.00290000,0.00370000
2000.8159,0.25600317,-0.24442398,-0.00897132,0.00355000,0.00295000,0.00410000
2000.8186,0.25858395,-0.24350801,-0.01701368,0.00390000,0.00290000,0.00425000
2000.8214,0.26222590,-0.24431016,-0.01828806,0.00430000,0.00350000,0.00450000
2000.8241,0.27078209,-0.24495686,-0.01490185,0.00430000,0.00340000,0.00470000
2000.8268,0.26524473,-0.24632576,-0.01710700,0.00375000,0.00280000,0.00415000
2000.8296,0.26276365,-0.24702743,-0.01838285,0.00410000,0.00350000,0.00455000
2000.8323,0.25942400,-0.24077803,-0.01512505,0.00440000,0.00360000,0.00480000
2000.8350,0.26386989,-0.24765632,-0.01017238,0.00400000,0.00320000,0.00430000
2000.8378,0.26168527,-0.24197008,-0.01251908,0.00370000,0.00290000,0.00390000
2000.8405,0.26276800,-0.24094645,-0.00982342,0.00380000,0.00310000,0.00410000
2000.8433,0.25909399,-0.24529689,-0.01448117,0.00420000,0.00340000,0.00460000
2000.8460,0.26231559,-0.24615215,-0.00733480,0.00410000,0.00325000,0.00440000
2000.8487,0.26104240,-0.24750188,-0.01359488,0.00340000,0.00290000,0.00380000
2000.8515,0.26362843,-0.25068095,-0.00582047,0.00390000,0.00290000,0.00420000
2000.8542,0.26272942,-0.25238093,-0.01273400,0.00420000,0.00350000,0.00460000
2000.8569,0.26567111,-0.24657381,-0.00883954,0.00400000,0.00305000,0.00425000
2000.8597,0.25959136,-0.24854227,-0.01692161,0.00410000,0.00335000,0.00445000
2000.8624,0.26361004,-0.24974045,-0.01636996,0.00370000,0.00295000,0.00400000
2000.8652,0.26435980,-0.24661829,-0.02619676,0.00380000,0.00300000,0.00400000
2000.8679,0.26197753,-0.24573394,-0.01901390,0.00360000,0.00270000,0.00390000
2000.8706,0.26370686,-0.24783765,-0.02528549,0.00360000,0.00275000,0.00400000
2000.8734,0.25944211,-0.24306652,-0.01248170,0.00390000,0.00290000,0.00410000
2000.8761,0.25993754,-0.25227176,-0.01866347,0.00350000,0.00280000,0.00380000
2000.8789,0.26835157,-0.24233361,-0.02041086,0.00390000,0.00280000,0.00420000
2000.8816,0.26569197,-0.24400230,-0.02638964,0.00380000,0.00280000,0.00400000
2000.8843,0.26742641,-0.24722735,-0.01749627,0.00340000,0.00280000,0.00380000
2000.8871,0.26173863,-0.24808547,-0.01417825,0.00365000,0.00285000,0.00400000
2000.8898,0.26548716,-0.25241124,-0.02078445,0.00370000,0.00280000,0.00390000
2000.8925,0.26456589,-0.25515521,-0.02312905,0.00380000,0.00300000,0.00410000
2000.8953,0.27094578,-0.24880553,-0.01244725,0.00405000,0.00315000,0.00440000
2000.8980,0.26502768,-0.24625896,-0.01480469,0.00380000,0.00280000,0.00410000
2000.9008,0.26607948,-0.25026471,-0.02440118,0.00370000,0.00295000,0.00410000
2000.9035,0.27243942,-0.25201289,-0.01830329,0.00375000,0.00285000,0.00405000
2000.9062,0.26858589,-0.25140063,-0.03428726,0.00410000,0.00310000,0.00450000
2000.9090,0.26719253,-0.25121255,-0.02293019,0.00370000,0.00280000,0.00405000
2000.9117,0.26841062,-0.24564752,-0.02722492,0.00390000,0.00310000,0.00420000
2000.9144,0.27896648,-0.24400295,-0.03305868,0.00380000,0.00310000,0.00400000
2000.9172,0.27007896,-0.24643179,-0.02761062,0.00390000,0.00310000,0.00420000
2000.9199,0.26796560,-0.24908066,-0.02258649,0.00380000,0.00290000,0.00410000
2000.9227,0.26746932,-0.24997169,-0.02552925,0.00385000,0.00285000,0.00420000
2000.9254,0.27128155,-0.24389836,-0.01516279,0.00380000,0.00300000,0.00420000
2000.9281,0.26998437,-0.24548997,-0.02219244,0.00400000,0.00295000,0.00430000
2000.9309,0.27427295,-0.24558712,-0.02799043,0.00345000,0.00275000,0.00380000
2000.9336,0.26813428,-0.24774276,-0.02651512,0.00390000,0.00310000,0.00420000
2000.9363,0.27520126,-0.24946962,-0.03019952,0.00395000,0.00320000,0.00425000
2000.9391,0.26410577,-0.24814573,-0.02244132,0.00400000,0.00310000,0.00420000
2000.9418,0.26519798,-0.24573977,-0.01981755,0.00390000,0.00280000,0.00420000
2000.9446,0.26722127,-0.24562193,-0.01832092,0.00380000,0.00320000,0.00420000
2000.9473,0.26654837,-0.24715313,-0.02996258,0.00390000,0.00310000,0.00400000
2000.9500,0.27036863,-0.24981660,-0.02616106,0.00430000,0.00330000,0.00450000
2000.9528,0.26873067,-0.25273186,-0.02017620,0.00405000,0.00330000,0.00430000
2000.9555,0.27071429,-0.25118029,-0.02076338,0.00400000,0.00310000,0.00420000
2000.9582,0.27258549,-0.24523637,-0.03036104,0.00380000,0.00300000,0.00410000
2000.9610,0.26499536,-0.25073677,-0.03768987,0.00360000,0.00290000,0.00380000
2000.9637,0.26538009,-0.24740095,-0.04099878,0.00375000,0.00315000,0.00415000
2000.9665,0.26624627,-0.24858297,-0.04092249,0.00365000,0.00295000,0.00385000
2000.9692,0.26352146,-0.24985731,-0.04170562,0.00400000,0.00310000,0.00420000
2000.9719,0.26635417,-0.24448046,-0.04515932,0.00390000,0.00300000,0.00420000
2000.9747,0.27205573,-0.24693671,-0.03804422,0.00375000,0.00300000,0.00420000
2000.9774,0.26796984,-0.25331719,-0.04459070,0.00380000,0.00315000,0.00415000
2000.9802,0.26933230,-0.25096610,-0.03998877,0.00370000,0.00320000,0.00400000
2000.9829,0.26737868,-0.24434384,-0.04359265,0.00345000,0.00275000,0.00380000
2000.9856,0.26709062,-0.24294506,-0.03565383,0.00345000,0.00275000,0.00380000
2000.9884,0.26677038,-0.24252966,-0.02903217,0.00390000,0.00310000,0.00405000
2000.9911,0.26968691,-0.24865093,-0.03637156,0.00370000,0.00300000,0.00390000
2000.9938,0.26336561,-0.25318490,-0.04032436,0.00370000,0.00290000,0.00395000
2000.9966,0.26522620,-0.24891629,-0.04303285,0.00350000,0.00280000,0.00390000
2000.9993,0.26792508,-0.25124307,-0.03802254,0.00350000,0.00270000,0.00380000
2001.0021,0.26860283,-0.24488975,-0.02826507,0.00340000,0.00280000,0.00380000
2001.0048,0.27269239,-0.24912384,-0.03740113,0.00355000,0.00290000,0.00385000
2001.0075,0.27403611,-0.24964044,-0.03196426,0.00360000,0.00295000,0.00390000
2001.0103,0.26638790,-0.25298674,-0.03686748,0.00360000,0.00290000,0.00390000
2001.0130,0.27097653,-0.24557018,-0.03995254,0.00350000,0.00290000,0.00380000
2001.0157,0.26674067,-0.25273158,-0.03861043,0.00380000,0.00320000,0.00410000
2001.0185,0.26632891,-0.25067117,-0.03130058,0.00370000,0.00300000,0.00420000
2001.0212,0.26342736,-0.25218664,-0.03312536,0.00340000,0.00270000,0.00370000
2001.0240,0.26496026,-0.24903799,-0.03550833,0.00400000,0.00340000,0.00430000
2001.0267,0.27101615,-0.25462835,-0.03686001,0.00380000,0.00310000,0.00410000
2001.0294,0.26391081,-0.25378458,-0.03235224,0.00385000,0.00325000,0.00410000
2001.0322,0.27282024,-0.25130263,-0.03099198,0.00435000,0.00350000,0.00465000
2001.0349,0.27318264,-0.25004964,-0.03585482,0.00380000,0.00310000,0.00410000
2001.0376,0.26802926,-0.25272797,-0.03741421,0.00360000,0.00290000,0.00390000
2001.0404,0.26883093,-0.24671797,-0.03728631,0.00360000,0.00280000,0.00390000
2001.0431,0.27463232,-0.25477568,-0.04289223,0.00370000,0.00300000,0.00400000
2001.0459,0.26757336,-0.25088574,-0.04097286,0.00350000,0.00290000,0.00390000
2001.0486,0.26669142,-0.25234646,-0.03896035,0.00340000,0.00300000,0.00390000
2001.0513,0.26050098,-0.25205522,-0.03547114,0.00350000,0.00290000,0.00380000
2001.0541,0.26254562,-0.25576142,-0.03627141,0.00360000,0.00300000,0.00400000
2001.0951,0.26895621,-0.25521421,-0.03117770,0.00360000,0.00300000,0.00400000
2001.0979,0.26866338,-0.25304837,-0.02837141,0.00370000,0.00280000,0.00400000
2001.1006,0.26718273,-0.25269913,-0.02586079,0.00380000,0.00300000,0.00410000
2001.1034,0.27114659,-0.25526684,-0.03208786,0.00400000,0.00325000,0.00435000
2001.1061,0.26839363,-0.25302872,-0.03087545,0.00440000,0.00360000,0.00480000
2001.1088,0.26528699,-0.25643728,-0.04188847,0.00380000,0.00290000,0.00410000
2001.1116,0.26797095,-0.25045401,-0.02880634,0.00380000,0.00300000,0.00420000
2001.1143,0.27399680,-0.25239020,-0.03265715,0.00390000,0.00330000,0.00430000
2001.1170,0.26893681,-0.25399184,-0.03060176,0.00410000,0.00305000,0.00460000
2001.1198,0.26660958,-0.25859772,-0.02367152,0.00380000,0.00280000,0.00430000
2001.1225,0.27029480,-0.25310990,-0.02873565,0.00390000,0.00300000,0.00430000
2001.1253,0.26967658,-0.24938119,-0.02019990,0.00400000,0.00300000,0.00430000
2001.1280,0.26932305,-0.24969601,-0.02257401,0.00375000,0.00270000,0.00420000
2001.1307,0.27255196,-0.25459445,-0.01622170,0.00380000,0.00280000,0.00405000
2001.1335,0.27292050,-0.24721441,-0.03349243,0.00375000,0.00275000,0.00415000
2001.1362,0.27204337,-0.25409932,-0.03135400,0.00405000,0.00325000,0.00450000
2001.1389,0.27261497,-0.25275157,-0.02111756,0.00410000,0.00310000,0.00450000
2001.1417,0.27574262,-0.25577464,-0.03207518,0.00390000,0.00300000,0.00445000
2001.1444,0.27267493,-0.25194109,-0.02847311,0.00380000,0.00280000,0.00420000
2001.1472,0.27085391,-0.24817724,-0.02698341,0.00400000,0.00330000,0.00450000
2001.1499,0.26613932,-0.25194763,-0.03199857,0.00420000,0.00350000,0.00470000
2001.1526,0.27977801,-0.25518472,-0.03610030,0.00395000,0.00315000,0.00435000
2001.1554,0.27391438,-0.25683322,-0.02573298,0.00380000,0.00285000,0.00415000
2001.1581,0.27681774,-0.25282263,-0.03484602,0.00390000,0.00305000,0.00430000
2001.1608,0.27611357,-0.25419015,-0.03644062,0.00425000,0.00340000,0.00470000
2001.1636,0.27473159,-0.25409861,-0.02749566,0.00400000,0.00300000,0.00430000
2001.1663,0.27314729,-0.25494163,-0.02635746,0.00400000,0.00310000,0.00440000
2001.1691,0.27385783,-0.25469460,-0.03274924,0.00420000,0.00330000,0.00450000
2001.1718,0.27417062,-0.24676533,-0.02823997,0.00410000,0.00320000,0.00450000
2001.1745,0.28179488,-0.24992785,-0.03103024,0.00430000,0.00330000,0.00455000
2001.1773,0.27350880,-0.25048357,-0.03168482,0.00415000,0.00335000,0.00460000
2001.1800,0.27351086,-0.25198357,-0.03667862,0.00385000,0.00315000,0.00420000
2001.1828,0.27318072,-0.25111473,-0.02844405,0.00400000,0.00315000,0.00435000
2001.1855,0.27379051,-0.24969165,-0.03554047,0.00390000,0.00310000,0.00420000
2001.1882,0.27686462,-0.25565224,-0.04437203,0.00390000,0.00300000,0.00455000
2001.1910,0.27201710,-0.25893457,-0.03824368,0.00420000,0.00310000,0.00450000
2001.1937,0.27801881,-0.25417139,-0.03691072,0.00360000,0.00270000,0.00400000
2001.1964,0.27686928,-0.25829810,-0.03709707,0.00400000,0.00290000,0.00420000
2001.1992,0.27501913,-0.25653551,-0.04046811,0.00400000,0.00300000,0.00440000
2001.2019,0.28046017,-0.26039545,-0.02985383,0.00395000,0.00320000,0.00435000
2001.2047,0.27959880,-0.25723578,-0.03778162,0.00390000,0.00305000,0.00425000
2001.2074,0.28126730,-0.26024429,-0.03876622,0.00410000,0.00325000,0.00445000
2001.2101,0.27403060,-0.26286772,-0.04570772,0.00390000,0.00300000,0.00415000
2001.2129,0.27114175,-0.25736564,-0.04251240,0.00390000,0.00280000,0.00420000
2001.2156,0.27442141,-0.26013276,-0.04057627,0.00420000,0.00330000,0.00450000
2001.2183,0.27651897,-0.25821056,-0.04438473,0.00420000,0.00320000,0.00450000
2001.2211,0.27196384,-0.26136683,-0.04022623,0.00370000,0.00270000,0.00420000
2001.2238,0.27332949,-0.25371651,-0.03862725,0.00390000,0.00305000,0.00425000
2001.2266,0.26703494,-0.25748723,-0.03758185,0.00390000,0.00310000,0.00420000
2001.2293,0.27127326,-0.26136196,-0.02522238,0.00385000,0.00315000,0.00425000
2001.2320,0.27433103,-0.26470222,-0.02763436,0.00405000,0.00310000,0.00440000
2001.2348,0.27496309,-0.26026810,-0.02575699,0.00410000,0.00320000,0.00460000
2001.2375,0.26840132,-0.25501302,-0.03447713,0.00395000,0.00315000,0.00455000
2001.2402,0.27297429,-0.25599906,-0.04797282,0.00450000,0.00340000,0.00470000
2001.2430,0.27115672,-0.25767820,-0.04311386,0.00430000,0.00340000,0.00465000
2001.2457,0.26990747,-0.25760217,-0.03964108,0.00390000,0.00300000,0.00440000
2001.2485,0.27219536,-0.26278994,-0.05989133,0.00435000,0.00335000,0.00460000
2001.2512,0.27757985,-0.25832166,-0.04459828,0.00400000,0.00330000,0.00435000
2001.2539,0.26662321,-0.25972879,-0.04591736,0.00430000,0.00340000,0.00460000
2001.2567,0.27637031,-0.25671154,-0.04573288,0.00430000,0.00320000,0.00440000
2001.2594,0.27676076,-0.25334214,-0.03450737,0.00410000,0.00320000,0.00450000
2001.2621,0.27656589,-0.25930981,-0.04669290,0.00440000,0.00340000,0.00470000
2001.2676,0.27317896,-0.25724618,-0.03966233,0.00400000,0.00340000,0.00440000
2001.2704,0.27970489,-0.25231162,-0.04552512,0.00380000,0.00300000,0.00440000
2001.2731,0.27482918,-0.25824969,-0.04400884,0.00400000,0.00320000,0.00440000
2001.2758,0.27105965,-0.25771010,-0.04013635,0.00405000,0.00330000,0.00440000
2001.2786,0.27093798,-0.25659600,-0.04900285,0.00405000,0.00325000,0.00440000
2001.2813,0.27015389,-0.25648758,-0.04487111,0.00395000,0.00300000,0.00430000
2001.2841,0.27588753,-0.25530729,-0.04121693,0.00380000,0.00290000,0.00410000
2001.2868,0.27614336,-0.25553004,-0.03184930,0.00385000,0.00315000,0.00425000
2001.2895,0.27008385,-0.25762842,-0.03014587,0.00405000,0.00315000,0.00435000
2001.2923,0.27433049,-0.26503665,-0.03400973,0.00360000,0.00280000,0.00410000
2001.2950,0.27462929,-0.25921952,-0.02942043,0.00370000,0.00290000,0.00420000
2001.2977,0.26990981,-0.26282085,-0.02722844,0.00420000,0.00330000,0.00470000
2001.3005,0.27400167,-0.25812948,-0.02815586,0.00390000,0.00310000,0.00430000
2001.3032,0.27632459,-0.26275925,-0.03171789,0.00390000,0.00300000,0.00440000
2001.3060,0.27838454,-0.25973647,-0.03497612,0.00440000,0.00380000,0.00470000
2001.3087,0.26919816,-0.25696637,-0.03521004,0.00400000,0.00320000,0.00440000
2001.3114,0.27732587,-0.25770633,-0.03115320,0.00390000,0.00300000,0.00430000
2001.3142,0.27798932,-0.26345619,-0.03537548,0.00380000,0.00300000,0.00420000
2001.3169,0.27531107,-0.25891201,-0.02515865,0.00395000,0.00285000,0.00425000
2001.3196,0.28107422,-0.25619410,-0.02284547,0.00400000,0.00290000,0.00430000
2001.3224,0.27572585,-0.25509064,-0.02537217,0.00410000,0.00350000,0.00440000
2001.3251,0.27393060,-0.25994684,-0.02656926,0.00410000,0.00290000,0.00440000
2001.3279,0.27155715,-0.25511575,-0.02929308,0.00400000,0.00340000,0.00430000
2001.3306,0.27590782,-0.26024617,-0.02181566,0.00410000,0.00310000,0.00440000
2001.3333,0.27556943,-0.26234242,-0.02086692,0.00420000,0.00335000,0.00470000
2001.3361,0.27488733,-0.25781641,-0.02753086,0.00390000,0.00320000,0.00430000
2001.3388,0.27793229,-0.26019121,-0.02507765,0.00420000,0.00315000,0.00435000
2001.3415,0.27666016,-0.26398655,-0.01861926,0.00405000,0.00330000,0.00435000
2001.3443,0.27577263,-0.26026520,-0.02281863,0.00400000,0.00320000,0.00420000
2001.3470,0.27525429,-0.26341581,-0.01854701,0.00390000,0.00310000,0.00420000
2001.3498,0.27730415,-0.26430301,-0.02676836,0.00395000,0.00285000,0.00420000
2001.3525,0.27961794,-0.25653670,-0.02041795,0.00385000,0.00290000,0.00420000
2001.3552,0.27527195,-0.25484381,-0.01745316,0.00405000,0.00300000,0.00440000
2001.3580,0.28015032,-0.25853257,-0.02339795,0.00430000,0.00340000,0.00450000
2001.3607,0.28000077,-0.25694100,-0.02416348,0.00410000,0.00305000,0.00440000
2001.3634,0.28085752,-0.26407579,-0.02416359,0.00420000,0.00360000,0.00465000
2001.3662,0.27538071,-0.26255171,-0.03010903,0.00410000,0.00305000,0.00470000
2001.3689,0.27900770,-0.26367910,-0.03886812,0.00380000,0.00310000,0.00420000
2001.3717,0.27867057,-0.26163568,-0.03066487,0.00395000,0.00290000,0.00435000
2001.3744,0.27966474,-0.26138239,-0.02326210,0.00420000,0.00350000,0.00470000
2001.3771,0.28052798,-0.26030243,-0.02133014,0.00400000,0.00335000,0.00430000
2001.3799,0.28214868,-0.25893439,-0.02996346,0.00420000,0.00325000,0.00455000
2001.3826,0.27656000,-0.25967785,-0.02242760,0.00395000,0.00330000,0.00435000
2001.3854,0.28455760,-0.26013431,-0.02037765,0.00400000,0.00315000,0.00425000
2001.3881,0.27948328,-0.25598023,-0.02463110,0.00400000,0.00300000,0.00430000
2001.3908,0.27443806,-0.25859156,-0.02378946,0.00410000,0.00330000,0.00450000
2001.3936,0.27913377,-0.26258654,-0.02645328,0.00410000,0.00310000,0.00435000
2001.3963,0.27792586,-0.25671953,-0.03339271,0.00400000,0.00315000,0.00440000
2001.3990,0.27841305,-0.25771688,-0.03399013,0.00400000,0.00310000,0.00430000
2001.4018,0.27831488,-0.26137120,-0.02606043,0.00400000,0.00310000,0.00430000
2001.4045,0.28085061,-0.26604577,-0.03121612,0.00400000,0.00310000,0.00445000
2001.4073,0.28116702,-0.26312067,-0.03937830,0.00400000,0.00330000,0.00440000
2001.4100,0.27466012,-0.26309878,-0.03286194,0.00400000,0.00310000,0.00430000
2001.4127,0.27364547,-0.26296759,-0.03416022,0.00370000,0.00300000,0.00400000
2001.4155,0.27622224,-0.26837895,-0.03189348,0.00410000,0.00330000,0.00435000
2001.4182,0.27752440,-0.26162328,-0.02640393,0.00410000,0.00340000,0.00450000
2001.4209,0.27441468,-0.26352772,-0.02282545,0.00405000,0.00295000,0.00455000
2001.4237,0.28109441,-0.26429255,-0.02522002,0.00395000,0.00305000,0.00440000
2001.4264,0.27798803,-0.26821926,-0.02877377,0.00375000,0.00305000,0.00400000
2001.4292,0.27426370,-0.25626851,-0.03075062,0.00400000,0.00315000,0.00430000
2001.4319,0.27470867,-0.26332834,-0.02915032,0.00395000,0.00315000,0.00430000
2001.4346,0.27078756,-0.26599088,-0.02952137,0.00410000,0.00310000,0.00435000
2001.4374,0.27163627,-0.26100954,-0.03459107,0.00400000,0.00330000,0.00430000
2001.4401,0.27076612,-0.26195872,-0.03525921,0.00390000,0.00330000,0.00430000
2001.4428,0.27756223,-0.26258812,-0.02795800,0.00390000,0.00340000,0.00430000
2001.4456,0.27531524,-0.25921840,-0.03274676,0.00400000,0.00295000,0.00425000
2001.4483,0.27829340,-0.26181480,-0.02545460,0.00420000,0.00370000,0.00460000
2001.4511,0.27486699,-0.25571820,-0.02312428,0.00400000,0.00330000,0.00430000
2001.4538,0.27655133,-0.25319522,-0.02577439,0.00385000,0.00325000,0.00420000
2001.4565,0.27703133,-0.25741366,-0.03225874,0.00380000,0.00320000,0.00420000
2001.4593,0.27504383,-0.25951193,-0.02881974,0.00410000,0.00340000,0.00430000
2001.4620,0.27658196,-0.26111337,-0.03506634,0.00410000,0.00330000,0.00430000
2001.4648,0.27548324,-0.26146816,-0.01710423,0.00400000,0.00340000,0.00440000
2001.4675,0.27757131,-0.26149323,-0.01757514,0.00410000,0.00340000,0.00440000
2001.4702,0.27620281,-0.26462054,-0.02289112,0.00420000,0.00340000,0.00450000
2001.4730,0.27567700,-0.25797992,-0.02381168,0.00430000,0.00370000,0.00460000
2001.4757,0.27509049,-0.26427381,-0.02469622,0.00435000,0.00345000,0.00455000
2001.4784,0.27852400,-0.26163868,-0.02535555,0.00425000,0.00355000,0.00455000
2001.4921,0.27500891,-0.26202723,-0.03394485,0.00420000,0.00340000,0.00450000
2001.4949,0.27813651,-0.25938915,-0.03990635,0.00400000,0.00330000,0.00430000
2001.4976,0.27792504,-0.26326021,-0.04691783,0.00410000,0.00335000,0.00440000
2001.5003,0.28263175,-0.26279335,-0.03842276,0.00425000,0.00335000,0.00450000
2001.5031,0.28257757,-0.25987947,-0.03789930,0.00395000,0.00335000,0.00450000
2001.5058,0.28191929,-0.26427481,-0.03065582,0.00430000,0.00380000,0.00480000
2001.5086,0.28116891,-0.25515134,-0.04196092,0.00430000,0.00370000,0.00460000
2001.5113,0.28421761,-0.26554237,-0.03614814,0.00450000,0.00380000,0.00500000
2001.5140,0.28238434,-0.26436772,-0.04303013,0.00430000,0.00360000,0.00455000
2001.5168,0.27841172,-0.25844151,-0.02926171,0.00440000,0.00380000,0.00490000
2001.5195,0.28139012,-0.25899081,-0.03445100,0.00440000,0.00375000,0.00465000
2001.5222,0.28337811,-0.26108936,-0.02953037,0.00450000,0.00355000,0.00470000
2001.5250,0.27869305,-0.25773564,-0.03882472,0.00480000,0.00400000,0.00530000
2001.5277,0.27771751,-0.26010210,-0.03281111,0.00420000,0.00340000,0.00455000
2001.5305,0.28042406,-0.25645926,-0.03962993,0.00410000,0.00335000,0.00440000
2001.5332,0.28518974,-0.26630053,-0.02619075,0.00445000,0.00370000,0.00465000
2001.5359,0.27706199,-0.26246287,-0.03276213,0.00445000,0.00355000,0.00460000
2001.5387,0.27766609,-0.25960357,-0.03231510,0.00415000,0.00340000,0.00445000
2001.5414,0.27636259,-0.26338201,-0.03730128,0.00415000,0.00320000,0.00455000
2001.5441,0.28309029,-0.26079996,-0.03248203,0.00400000,0.00340000,0.00430000
2001.5469,0.28956806,-0.26219671,-0.02983561,0.00380000,0.00310000,0.00410000
2001.5496,0.28642510,-0.26005328,-0.03827279,0.00390000,0.00320000,0.00445000
2001.5524,0.28695276,-0.26166844,-0.02551638,0.00430000,0.00350000,0.00460000
2001.5551,0.28623941,-0.26195902,-0.03361523,0.00390000,0.00295000,0.00420000
2001.5578,0.28123288,-0.26626780,-0.02689474,0.00395000,0.00330000,0.00440000
2001.5606,0.27970923,-0.26233702,-0.01311685,0.00400000,0.00300000,0.00430000
2001.5633,0.28454409,-0.26603949,-0.01304976,0.00390000,0.00330000,0.00415000
2001.5661,0.28129673,-0.26661615,-0.02269522,0.00450000,0.00370000,0.00470000
2001.5688,0.28758544,-0.26307809,-0.03284774,0.00420000,0.00325000,0.00440000
2001.5715,0.28457483,-0.26136566,-0.02691158,0.00420000,0.00320000,0.00450000
2001.5743,0.28177743,-0.26380192,-0.02514471,0.00410000,0.00330000,0.00440000
2001.5770,0.28179884,-0.25648265,-0.02106706,0.00450000,0.00370000,0.00480000
2001.5797,0.28540839,-0.26165694,-0.03299281,0.00490000,0.00370000,0.00520000
2001.5825,0.28712260,-0.26230844,-0.02135744,0.00430000,0.00345000,0.00450000
2001.5852,0.28721147,-0.26423811,-0.01751343,0.00440000,0.00370000,0.00470000
2001.5880,0.28642483,-0.26181524,-0.03444086,0.00450000,0.00370000,0.00470000
2001.5934,0.28073702,-0.25671937,-0.02419404,0.00450000,0.00360000,0.00470000
2001.5962,0.28937856,-0.26310250,-0.02281524,0.00435000,0.00355000,0.00460000
2001.5989,0.28432705,-0.26741905,-0.01738106,0.00520000,0.00430000,0.00570000
2001.6153,0.28244435,-0.25863716,-0.02237273,0.00435000,0.00360000,0.00455000
2001.6181,0.28438266,-0.26572246,-0.02529118,0.00480000,0.00390000,0.00490000
2001.6208,0.28440221,-0.26351787,-0.02674557,0.00470000,0.00390000,0.00490000
2001.6235,0.28522493,-0.26113338,-0.02998241,0.00430000,0.00340000,0.00450000
2001.6263,0.28344718,-0.26030664,-0.03184451,0.00440000,0.00360000,0.00460000
2001.6290,0.28510468,-0.26112382,-0.02488211,0.00440000,0.00350000,0.00460000
2001.6318,0.28311924,-0.25943451,-0.03260459,0.00440000,0.00360000,0.00470000
2001.6345,0.28059314,-0.26170222,-0.02247006,0.00440000,0.00370000,0.00460000
2001.6372,0.28354093,-0.26184552,-0.02466806,0.00450000,0.00360000,0.00485000
2001.6400,0.27930588,-0.25801811,-0.02502151,0.00450000,0.00370000,0.00480000
2001.6427,0.28527250,-0.25809764,-0.02874980,0.00420000,0.00350000,0.00450000
2001.6454,0.28487977,-0.26093768,-0.02386141,0.00410000,0.00330000,0.00450000
2001.6482,0.28552030,-0.26241835,-0.02068365,0.00420000,0.00350000,0.00470000
2001.6509,0.28560995,-0.26134927,-0.01991826,0.00435000,0.00350000,0.00460000
2001.6537,0.28149181,-0.26400029,-0.02309260,0.00430000,0.00340000,0.00460000
2001.6564,0.29047291,-0.26356506,-0.02765608,0.00430000,0.00350000,0.00460000
2001.6591,0.28142034,-0.26512444,-0.02909721,0.00440000,0.00370000,0.00480000
2001.6975,0.28320617,-0.26761586,-0.03446508,0.00440000,0.00380000,0.00490000
2001.7002,0.28238713,-0.26388932,-0.01689508,0.00450000,0.00370000,0.00480000
2001.7029,0.28190030,-0.26192710,-0.02124202,0.00410000,0.00330000,0.00450000
2001.7057,0.28624999,-0.26440937,-0.00864656,0.00405000,0.00345000,0.00445000
2001.7084,0.28438195,-0.26705869,-0.01375960,0.00470000,0.00350000,0.00510000
2001.7112,0.28491246,-0.27019129,-0.01750555,0.00430000,0.00320000,0.00450000
2001.7166,0.29026347,-0.26637086,-0.01688194,0.00405000,0.00300000,0.00430000
2001.7194,0.28058963,-0.26757463,-0.02198444,0.00435000,0.00335000,0.00460000
2001.7221,0.28625656,-0.26873905,-0.02219258,0.00420000,0.00335000,0.00445000
2001.7248,0.27809445,-0.27157585,-0.01074954,0.00400000,0.00320000,0.00420000
2001.7276,0.28631844,-0.27285792,-0.01601725,0.00425000,0.00330000,0.00450000
2001.7303,0.28477832,-0.27067949,-0.02048322,0.00390000,0.00310000,0.00420000
2001.7331,0.28709784,-0.26840693,-0.02561835,0.00390000,0.00305000,0.00435000
2001.7385,0.28716907,-0.26649638,-0.01141260,0.00410000,0.00320000,0.00450000
2001.7413,0.28792003,-0.26581258,-0.02447550,0.00415000,0.00320000,0.00455000
2001.7440,0.28769645,-0.27110387,-0.03298032,0.00400000,0.00310000,0.00440000
2001.7467,0.29007517,-0.26545823,-0.02128338,0.00400000,0.00320000,0.00440000
2001.7495,0.29221060,-0.26570818,-0.02672875,0.00405000,0.00335000,0.00430000
2001.7522,0.28780973,-0.26977689,-0.02207550,0.00420000,0.00345000,0.00460000
2001.7550,0.29099492,-0.26732394,-0.02844058,0.00400000,0.00335000,0.00425000
2001.7577,0.28934975,-0.26902584,-0.02595347,0.00400000,0.00320000,0.00420000
2001.7604,0.29306983,-0.26725408,-0.02547194,0.00390000,0.00310000,0.00420000
2001.7632,0.29411756,-0.26702680,-0.02580321,0.00415000,0.00310000,0.00435000
2001.7659,0.28863634,-0.26255352,-0.02878476,0.00400000,0.00320000,0.00430000
2001.7687,0.29352430,-0.26846169,-0.02785129,0.00420000,0.00310000,0.00440000
2001.7714,0.28932590,-0.26449918,-0.02863558,0.00420000,0.00330000,0.00455000
2001.7741,0.29163511,-0.26626005,-0.01975412,0.00405000,0.00325000,0.00435000
2001.7769,0.29227219,-0.26684571,-0.01867508,0.00395000,0.00310000,0.00410000
2001.7796,0.28703372,-0.26720647,-0.02489453,0.00400000,0.00330000,0.00430000
2001.7823,0.28978561,-0.26745743,-0.02687828,0.00430000,0.00330000,0.00460000
2001.7851,0.29481526,-0.26716814,-0.03062861,0.00390000,0.00300000,0.00410000
2001.7878,0.29396247,-0.26835364,-0.01973850,0.00380000,0.00305000,0.00410000
2001.7906,0.29360948,-0.26621173,-0.02724792,0.00400000,0.00300000,0.00410000
2001.7933,0.29175704,-0.26625242,-0.02562771,0.00365000,0.00285000,0.00400000
2001.7960,0.29617781,-0.26244707,-0.01561683,0.00400000,0.00320000,0.00430000
2001.7988,0.29535079,-0.26395149,-0.01752115,0.00390000,0.00315000,0.00420000
2001.8015,0.29784761,-0.26595488,-0.02602356,0.00385000,0.00290000,0.00415000
2001.8042,0.29475249,-0.25994110,-0.02321848,0.00415000,0.00330000,0.00445000
2001.8070,0.28947976,-0.26538643,-0.02380854,0.00390000,0.00300000,0.00440000
2001.8097,0.28885952,-0.26156251,-0.02918068,0.00430000,0.00370000,0.00460000
2001.8125,0.29385536,-0.26244507,-0.03741327,0.00400000,0.00310000,0.00440000
2001.8152,0.29180292,-0.26121118,-0.03662973,0.00380000,0.00305000,0.00400000
2001.8179,0.29437178,-0.26609185,-0.03524537,0.00395000,0.00310000,0.00415000
2001.8207,0.29306182,-0.26321788,-0.03065732,0.00400000,0.00320000,0.00430000
2001.8234,0.29307427,-0.26941654,-0.02786123,0.00380000,0.00290000,0.00420000
2001.8261,0.29336035,-0.26385137,-0.03589255,0.00430000,0.00330000,0.00460000
2001.8289,0.29178120,-0.26730113,-0.02813542,0.00350000,0.00280000,0.00410000
2001.8316,0.30280899,-0.26617805,-0.01969795,0.00450000,0.00345000,0.00480000
2001.8344,0.29260353,-0.26878376,-0.02764504,0.00455000,0.00365000,0.00480000
2001.8371,0.29850748,-0.26691752,-0.03249439,0.00395000,0.00325000,0.00425000
2001.8398,0.29647629,-0.26573441,-0.02445845,0.00395000,0.00310000,0.00415000
2001.8426,0.29613048,-0.26618836,-0.01980365,0.00390000,0.00320000,0.00420000
2001.8453,0.29288952,-0.26479375,-0.02168645,0.00440000,0.00350000,0.00460000
2001.8480,0.29905134,-0.26690562,-0.01726061,0.00400000,0.00310000,0.00430000
2001.8508,0.29532256,-0.26519238,-0.02716004,0.00450000,0.00355000,0.00475000
2001.8535,0.29455401,-0.26819075,-0.02349690,0.00395000,0.00330000,0.00425000
2001.8563,0.28932288,-0.26122184,-0.02081942,0.00410000,0.00320000,0.00440000
2001.8590,0.29276817,-0.26462125,-0.01567220,0.00420000,0.00305000,0.00450000
2001.8617,0.29126606,-0.26571280,-0.01380967,0.00395000,0.00300000,0.00430000
2001.8645,0.29766357,-0.27166123,-0.02987329,0.00430000,0.00340000,0.00470000
2001.8672,0.29675751,-0.26381827,-0.02924613,0.00405000,0.00325000,0.00440000
2001.8700,0.29538954,-0.26547888,-0.02393285,0.00435000,0.00380000,0.00470000
2001.8727,0.29387899,-0.26702164,-0.03191112,0.00390000,0.00310000,0.00430000
2001.8754,0.29221837,-0.26267149,-0.02571010,0.00390000,0.00310000,0.00420000
2001.8782,0.29174619,-0.25918232,-0.02467852,0.00390000,0.00300000,0.00420000
2001.8809,0.29181401,-0.26428976,-0.01498382,0.00370000,0.00310000,0.00430000
2001.8836,0.29522783,-0.26731884,-0.00998549,0.00370000,0.00300000,0.00430000
2001.8864,0.29204610,-0.25950247,-0.00362339,0.00400000,0.00320000,0.00435000
2001.8891,0.29374239,-0.25840885,-0.02181734,0.00410000,0.00330000,0.00460000
2001.8919,0.29460474,-0.26481789,-0.02064684,0.00410000,0.00335000,0.00450000
2001.8946,0.29473781,-0.26126558,-0.01643209,0.00400000,0.00325000,0.00455000
2001.8973,0.29528156,-0.26520092,-0.01804310,0.00420000,0.00355000,0.00475000
2001.9001,0.28948612,-0.26813613,-0.01893394,0.00420000,0.00345000,0.00475000
2001.9028,0.28812786,-0.26580505,-0.02130605,0.00440000,0.00380000,0.00480000
2001.9055,0.29783232,-0.26292400,-0.02852900,0.00390000,0.00290000,0.00410000
2001.9083,0.29026702,-0.26426870,-0.02866188,0.00390000,0.00310000,0.00410000
2001.9110,0.29604403,-0.26748681,-0.01593650,0.00390000,0.00320000,0.00430000
2001.9138,0.29057001,-0.26922040,-0.02080222,0.00430000,0.00345000,0.00490000
2001.9165,0.29206336,-0.27030956,-0.02490973,0.00380000,0.00310000,0.00410000
2001.9192,0.29280120,-0.26829373,-0.02686718,0.00380000,0.00280000,0.00420000
2001.9220,0.28998948,-0.26651309,-0.02446952,0.00405000,0.00305000,0.00440000
2001.9247,0.28788089,-0.27150641,-0.02527666,0.00410000,0.00320000,0.00435000
2001.9274,0.28970189,-0.26800531,-0.02751106,0.00410000,0.00320000,0.00430000
2001.9302,0.29181456,-0.27440861,-0.01857746,0.00370000,0.00290000,0.00400000
2001.9329,0.29199978,-0.26924252,-0.01487768,0.00370000,0.00290000,0.00405000
2001.9357,0.29634873,-0.27057250,-0.02146377,0.00360000,0.00290000,0.00395000
2001.9384,0.29118498,-0.26962468,-0.02105450,0.00360000,0.00300000,0.00400000
2001.9411,0.29306724,-0.26822182,-0.02577694,0.00370000,0.00290000,0.00400000
2001.9439,0.29304483,-0.27404332,-0.02484981,0.00400000,0.00330000,0.00430000
2001.9466,0.29858677,-0.27269085,-0.02777771,0.00405000,0.00325000,0.00450000
2001.9493,0.29136820,-0.26721188,-0.02591663,0.00410000,0.00320000,0.00430000
2001.9521,0.29440987,-0.26703460,-0.02501196,0.00395000,0.00310000,0.00415000
2001.9548,0.29283335,-0.26805308,-0.02233973,0.00415000,0.00340000,0.00455000
2001.9576,0.28855944,-0.26863381,-0.01916632,0.00395000,0.00320000,0.00420000
2001.9603,0.28676465,-0.26859771,-0.01691218,0.00380000,0.00310000,0.00400000
2001.9630,0.29183959,-0.27316137,-0.02168537,0.00380000,0.00300000,0.00430000
2001.9658,0.28657679,-0.27189729,-0.01270445,0.00365000,0.00305000,0.00400000
2001.9685,0.28831348,-0.26869209,-0.01623234,0.00360000,0.00290000,0.00390000
2001.9713,0.29304872,-0.26796566,-0.02153372,0.00405000,0.00320000,0.00440000
2001.9740,0.29324169,-0.26778056,-0.02378138,0.00440000,0.00370000,0.00480000
2001.9767,0.30039839,-0.27061299,-0.02693873,0.00380000,0.00310000,0.00420000
2001.9795,0.29047020,-0.26979611,-0.01591682,0.00390000,0.00295000,0.00420000
2001.9822,0.29755762,-0.27054994,-0.02265019,0.00410000,0.00330000,0.00430000
2001.9849,0.29383110,-0.27353425,-0.02349919,0.00380000,0.00290000,0.00420000
2001.9877,0.29185930,-0.27625197,-0.02072260,0.00380000,0.00290000,0.00420000
2001.9904,0.29628511,-0.27837392,-0.01647686,0.00385000,0.00310000,0.00445000
2001.9932,0.29620456,-0.27339183,-0.01169443,0.00405000,0.00325000,0.00445000
2001.9959,0.28832379,-0.27578392,-0.00741345,0.00450000,0.00380000,0.00465000
2001.9986,0.29978255,-0.27101125,-0.00697283,0.00430000,0.00340000,0.00460000
2002.0014,0.29158975,-0.27158385,-0.01032810,0.00440000,0.00380000,0.00500000
2002.0041,0.29215172,-0.27357398,-0.00495100,0.00415000,0.00320000,0.00430000
2002.0068,0.29300149,-0.27438794,-0.00973162,0.00410000,0.00320000,0.00445000
2002.0096,0.28854775,-0.27167551,-0.01445643,0.00410000,0.00310000,0.00430000
2002.0123,0.29519930,-0.27778520,-0.01408381,0.00380000,0.00280000,0.00410000
2002.0151,0.29222432,-0.27076298,-0.01155867,0.00390000,0.00300000,0.00420000
2002.0178,0.29427728,-0.27441662,-0.01615263,0.00400000,0.00310000,0.00420000
2002.0205,0.29501313,-0.27459716,-0.00407370,0.00410000,0.00320000,0.00430000
2002.0233,0.29188298,-0.27137763,-0.00769217,0.00380000,0.00310000,0.00430000
2002.0260,0.29422243,-0.27747855,-0.01281368,0.00390000,0.00320000,0.00420000
2002.0287,0.29485573,-0.27053738,-0.01747763,0.00400000,0.00330000,0.00420000
2002.0315,0.29781345,-0.27853172,-0.01408525,0.00390000,0.00320000,0.00410000
2002.0342,0.29394292,-0.27330051,-0.02148836,0.00390000,0.00310000,0.00430000
2002.0370,0.29604322,-0.27570628,-0.02060077,0.00390000,0.00310000,0.00420000
2002.0397,0.29940789,-0.27013364,-0.01298575,0.00375000,0.00305000,0.00410000
2002.0424,0.29587579,-0.27564933,-0.01340233,0.00375000,0.00315000,0.00410000
2002.0452,0.29661069,-0.27857866,-0.01869979,0.00380000,0.00310000,0.00430000
2002.0479,0.29297693,-0.27666815,-0.02807967,0.00355000,0.00285000,0.00400000
2002.0507,0.29673958,-0.27343741,-0.02458819,0.00355000,0.00280000,0.00380000
2002.0534,0.30019064,-0.27628661,-0.02653046,0.00350000,0.00290000,0.00390000
2002.0561,0.29640935,-0.27476955,-0.02925383,0.00370000,0.00290000,0.00410000
2002.0589,0.29160959,-0.27725643,-0.01757548,0.00375000,0.00290000,0.00405000
2002.0616,0.29380788,-0.27511332,-0.01714178,0.00380000,0.00300000,0.00410000
2002.0643,0.29784313,-0.27843893,-0.01932996,0.00390000,0.00310000,0.00415000
2002.0671,0.29417033,-0.27630386,-0.01349574,0.00370000,0.00290000,0.00400000
2002.0698,0.29062334,-0.27324603,-0.00596022,0.00370000,0.00290000,0.00390000
2002.0726,0.29557274,-0.27495807,-0.01320393,0.00370000,0.00290000,0.00410000
2002.0753,0.29728113,-0.27781384,-0.02040028,0.00380000,0.00280000,0.00410000
2002.0780,0.29676784,-0.27270871,-0.02088055,0.00420000,0.00315000,0.00440000
2002.0808,0.29642970,-0.27349122,-0.02680556,0.00405000,0.00325000,0.00425000
2002.0835,0.29379622,-0.27707948,-0.02039284,0.00390000,0.00310000,0.00420000
2002.0862,0.29930181,-0.27517950,-0.01684240,0.00350000,0.00270000,0.00380000
2002.0890,0.29342147,-0.27630235,-0.00711943,0.00375000,0.00295000,0.00405000
2002.0917,0.29971774,-0.27607060,-0.02142451,0.00365000,0.00280000,0.00385000
2002.0945,0.29767382,-0.27612889,-0.02680112,0.00340000,0.00280000,0.00370000
2002.0972,0.29199907,-0.27878988,-0.02105301,0.00360000,0.00290000,0.00390000
2002.0999,0.29311784,-0.27617206,-0.02458489,0.00380000,0.00300000,0.00410000
2002.1027,0.30317239,-0.27961970,-0.02560146,0.00355000,0.00280000,0.00390000
2002.1054,0.29768208,-0.27994087,-0.02207547,0.00365000,0.00290000,0.00390000
2002.1081,0.29872823,-0.28002885,-0.02124215,0.00400000,0.00320000,0.00435000
2002.1109,0.30155499,-0.28249780,-0.02217093,0.00390000,0.00290000,0.00415000
2002.1136,0.30006803,-0.28261533,-0.01540189,0.00370000,0.00290000,0.00400000
2002.1164,0.30003796,-0.28173979,-0.01795934,0.00365000,0.00290000,0.00395000
2002.1191,0.29895239,-0.28485824,-0.02257766,0.00350000,0.00280000,0.00390000
2002.1218,0.29902128,-0.28488301,-0.02599731,0.00360000,0.00280000,0.00400000
2002.1246,0.29944324,-0.28266900,-0.02581668,0.00380000,0.00290000,0.00410000
2002.1273,0.29861074,-0.27948339,-0.01848304,0.00370000,0.00300000,0.00400000
2002.1300,0.30247059,-0.28048099,-0.01618176,0.00345000,0.00255000,0.00385000
2002.1328,0.29400397,-0.28568056,-0.00800567,0.00430000,0.00330000,0.00450000
2002.1355,0.29655039,-0.28047742,-0.01228155,0.00390000,0.00290000,0.00420000
2002.1383,0.29783682,-0.28451892,-0.00855890,0.00370000,0.00295000,0.00410000
2002.1410,0.29539125,-0.28023406,-0.02013106,0.00385000,0.00300000,0.00420000
2002.1437,0.29942236,-0.28078690,-0.01826962,0.00375000,0.00310000,0.00405000
2002.1465,0.29177303,-0.28105233,-0.01413885,0.00370000,0.00270000,0.00400000
2002.1492,0.29676129,-0.27970615,-0.01442740,0.00390000,0.00290000,0.00420000
2002.1520,0.29967153,-0.28055905,-0.01962916,0.00380000,0.00290000,0.00410000
2002.1547,0.29442459,-0.27976457,-0.03132893,0.00340000,0.00270000,0.00400000
2002.1574,0.29520713,-0.27725506,-0.02584011,0.00400000,0.00310000,0.00420000
2002.1602,0.29818047,-0.27503076,-0.02926977,0.00380000,0.00300000,0.00420000
2002.1629,0.30347990,-0.27892012,-0.02904572,0.00380000,0.00300000,0.00410000
2002.1656,0.29805023,-0.27853094,-0.02212464,0.00395000,0.00310000,0.00425000
2002.1684,0.29994540,-0.27859704,-0.02131066,0.00355000,0.00285000,0.00385000
2002.1711,0.30120849,-0.28072077,-0.00964611,0.00325000,0.00255000,0.00350000
2002.1739,0.30129665,-0.27950525,-0.01600188,0.00350000,0.00275000,0.00380000
2002.1766,0.29880163,-0.28419778,-0.01733677,0.00370000,0.00290000,0.00400000
2002.1793,0.30113515,-0.28277901,-0.01972459,0.00400000,0.00330000,0.00445000
2002.1821,0.30057459,-0.28452650,-0.01442059,0.00470000,0.00380000,0.00490000
2002.1848,0.30541830,-0.28210908,-0.02401547,0.00410000,0.00340000,0.00425000
2002.1875,0.30068601,-0.28190871,-0.02696522,0.00340000,0.00270000,0.00370000
2002.1903,0.29872047,-0.28038642,-0.02404332,0.00360000,0.00300000,0.00395000
2002.1930,0.29997936,-0.28287283,-0.02035139,0.00360000,0.00290000,0.00380000
2002.1958,0.29509984,-0.28135315,-0.01864627,0.00380000,0.00300000,0.00410000
2002.1985,0.29973556,-0.28283626,-0.01626961,0.00430000,0.00340000,0.00455000
2002.2040,0.30010882,-0.28066806,-0.01923797,0.00380000,0.00315000,0.00405000
2002.2067,0.30319904,-0.27884934,-0.02092884,0.00400000,0.00330000,0.00410000
2002.2094,0.30486997,-0.27530453,-0.02867032,0.00380000,0.00280000,0.00410000
2002.2122,0.29485638,-0.27855254,-0.01885438,0.00390000,0.00310000,0.00430000
2002.2149,0.30131486,-0.28116044,-0.01570893,0.00350000,0.00270000,0.00380000
2002.2177,0.30306154,-0.28106356,-0.00549795,0.00340000,0.00280000,0.00370000
2002.2204,0.29917099,-0.28217468,-0.00888669,0.00360000,0.00275000,0.00380000
2002.2231,0.30348838,-0.28554712,-0.00717419,0.00370000,0.00280000,0.00430000
2002.2259,0.30262720,-0.27839874,-0.02474617,0.00405000,0.00320000,0.00430000
2002.2286,0.29793875,-0.28373356,-0.01068574,0.00430000,0.00345000,0.00460000
2002.2313,0.30249014,-0.28372500,-0.00193064,0.00370000,0.00310000,0.00400000
2002.2341,0.29932706,-0.28297257,-0.01670675,0.00390000,0.00290000,0.00420000
2002.2368,0.30217424,-0.28202617,-0.00853782,0.00370000,0.00310000,0.00400000
2002.2396,0.29971226,-0.27867140,-0.01863224,0.00385000,0.00315000,0.00430000
2002.2423,0.30533104,-0.28079695,-0.01699095,0.00390000,0.00295000,0.00420000
2002.2450,0.30166514,-0.28161363,-0.02051725,0.00375000,0.00290000,0.00410000
2002.2478,0.30087452,-0.27926387,-0.02396016,0.00385000,0.00290000,0.00415000
2002.2505,0.30103650,-0.28030485,-0.02368081,0.00370000,0.00300000,0.00410000
2002.2533,0.29866413,-0.28120759,-0.03266399,0.00380000,0.00295000,0.00415000
2002.2560,0.30517835,-0.28262049,-0.03428115,0.00370000,0.00290000,0.00415000
2002.2587,0.30346393,-0.28044937,-0.01636230,0.00380000,0.00295000,0.00405000
2002.2615,0.30556957,-0.28493362,-0.01814176,0.00400000,0.00305000,0.00430000
2002.2642,0.30695067,-0.27728657,-0.01969048,0.00405000,0.00310000,0.00435000
2002.2669,0.30288760,-0.27426512,-0.02237809,0.00400000,0.00330000,0.00435000
2002.2697,0.30332638,-0.28549549,-0.02486596,0.00420000,0.00345000,0.00450000
2002.2724,0.29943422,-0.28084297,-0.01832865,0.00420000,0.00350000,0.00450000
2002.2752,0.29862971,-0.28010083,-0.03096971,0.00450000,0.00365000,0.00475000
2002.2779,0.29832489,-0.27410195,-0.03115750,0.00405000,0.00315000,0.00445000
2002.2806,0.30175854,-0.28178673,-0.02206285,0.00405000,0.00330000,0.00450000
2002.2834,0.29919247,-0.27926340,-0.01986790,0.00430000,0.00340000,0.00470000
2002.2861,0.30393681,-0.28043131,-0.01717347,0.00410000,0.00335000,0.00445000
2002.2888,0.30376064,-0.28221201,-0.01846423,0.00450000,0.00380000,0.00480000
2002.2916,0.30630161,-0.27751808,-0.01949154,0.00410000,0.00340000,0.00440000
2002.2943,0.30198793,-0.27408606,-0.02818914,0.00400000,0.00340000,0.00440000
2002.2971,0.30110961,-0.27815965,-0.02778939,0.00410000,0.00320000,0.00455000
2002.2998,0.30449256,-0.27836694,-0.01731395,0.00405000,0.00335000,0.00435000
2002.3025,0.30166591,-0.27916489,-0.02313815,0.00410000,0.00340000,0.00450000
2002.3053,0.29819830,-0.28281778,-0.02708488,0.00390000,0.00310000,0.00420000
2002.3080,0.30094509,-0.27919884,-0.02655585,0.00390000,0.00325000,0.00420000
2002.3107,0.30933031,-0.28125644,-0.02249259,0.00400000,0.00330000,0.00440000
2002.3135,0.30305086,-0.27550499,-0.02038109,0.00420000,0.00350000,0.00460000
2002.3162,0.30630984,-0.27947657,-0.02520283,0.00410000,0.00340000,0.00450000
2002.3190,0.30819403,-0.27617204,-0.02809251,0.00420000,0.00310000,0.00450000
2002.3217,0.30091541,-0.28152469,-0.02528373,0.00390000,0.00310000,0.00410000
2002.3244,0.30246824,-0.28089714,-0.02370143,0.00380000,0.00305000,0.00415000
2002.3272,0.30758174,-0.27752174,-0.03092902,0.00390000,0.00320000,0.00410000
2002.3299,0.29920133,-0.28165673,-0.01879886,0.00370000,0.00275000,0.00380000
2002.3326,0.30184241,-0.28413537,-0.03099561,0.00410000,0.00305000,0.00430000
2002.3354,0.29728749,-0.28155114,-0.01922250,0.00380000,0.00315000,0.00415000
2002.3381,0.29594418,-0.28156350,-0.01288602,0.00380000,0.00305000,0.00405000
2002.3409,0.30457876,-0.27966942,-0.01582743,0.00380000,0.00280000,0.00410000
2002.3436,0.29664527,-0.28482357,-0.01685423,0.00400000,0.00290000,0.00420000
2002.3463,0.30567595,-0.28547262,-0.01655310,0.00390000,0.00310000,0.00420000
2002.3491,0.30379499,-0.28261841,-0.01812118,0.00385000,0.00300000,0.00410000
2002.3518,0.30178799,-0.28332240,-0.02017413,0.00385000,0.00315000,0.00415000
2002.3546,0.30481440,-0.28373910,-0.02474487,0.00380000,0.00310000,0.00410000
2002.3573,0.30797068,-0.28260264,-0.01971785,0.00375000,0.00310000,0.00415000
2002.3600,0.30458855,-0.28164829,-0.02632119,0.00385000,0.00305000,0.00425000
2002.3628,0.30159845,-0.28087709,-0.02468861,0.00395000,0.00310000,0.00400000
2002.3655,0.30601413,-0.28403976,-0.02066998,0.00390000,0.00320000,0.00420000
2002.3682,0.30309864,-0.28792552,-0.01775209,0.00425000,0.00335000,0.00445000
2002.3710,0.30625138,-0.28383526,-0.02241522,0.00375000,0.00305000,0.00415000
2002.3737,0.30292924,-0.28278933,-0.02173933,0.00380000,0.00295000,0.00415000
2002.3765,0.30808413,-0.28130881,-0.01807180,0.00390000,0.00310000,0.00420000
2002.3792,0.30490135,-0.27824185,-0.01200119,0.00430000,0.00330000,0.00460000
2002.3819,0.30896215,-0.28242950,-0.01536649,0.00400000,0.00330000,0.00445000
2002.3847,0.30394029,-0.28343096,-0.01754280,0.00410000,0.00360000,0.00450000
2002.3874,0.30328622,-0.28138262,-0.02738743,0.00400000,0.00330000,0.00440000
2002.3901,0.30780395,-0.28309211,-0.02790188,0.00395000,0.00330000,0.00435000
2002.3929,0.30687175,-0.28159241,-0.01618364,0.00385000,0.00320000,0.00420000
2002.3956,0.30559930,-0.27665257,-0.01816301,0.00395000,0.00320000,0.00430000
2002.3984,0.30263429,-0.27911896,-0.01397959,0.00420000,0.00310000,0.00455000
2002.4011,0.30398663,-0.28272990,-0.01441025,0.00410000,0.00320000,0.00430000
2002.4038,0.30340032,-0.28265971,-0.01783279,0.00395000,0.00320000,0.00435000
2002.4066,0.30452290,-0.28302262,-0.01119231,0.00420000,0.00335000,0.00440000
2002.4093,0.30716750,-0.27754702,-0.01440099,0.00405000,0.00315000,0.00445000
2002.4120,0.30550307,-0.27634254,-0.00945202,0.00430000,0.00320000,0.00470000
2002.4148,0.30287757,-0.28143328,-0.01321830,0.00450000,0.00350000,0.00505000
2002.4175,0.30386242,-0.28449332,-0.00898168,0.00420000,0.00330000,0.00470000
2002.4203,0.29907364,-0.28560515,-0.01270650,0.00410000,0.00330000,0.00450000
2002.4230,0.30668884,-0.27914276,-0.01235505,0.00410000,0.00330000,0.00455000
2002.4257,0.30661798,-0.27972705,-0.00850165,0.00405000,0.00330000,0.00430000
2002.4285,0.30072391,-0.28150152,-0.01217143,0.00410000,0.00350000,0.00440000
2002.4312,0.30806020,-0.28288257,-0.01247262,0.00420000,0.00350000,0.00450000
2002.4339,0.30581527,-0.28003130,-0.01995047,0.00420000,0.00315000,0.00460000
2002.4367,0.30591269,-0.28535747,-0.01129385,0.00420000,0.00310000,0.00450000
2002.4394,0.30859725,-0.28474965,-0.02078894,0.00420000,0.00310000,0.00440000
2002.4422,0.30653476,-0.28218957,-0.01268398,0.00390000,0.00320000,0.00420000
2002.4449,0.30235510,-0.28265609,-0.01507686,0.00400000,0.00340000,0.00430000
2002.4476,0.30823641,-0.27963354,-0.01338872,0.00420000,0.00340000,0.00460000
2002.4504,0.30461190,-0.28189142,-0.01527970,0.00415000,0.00325000,0.00445000
2002.4531,0.30710111,-0.28145764,-0.01408950,0.00420000,0.00330000,0.00440000
2002.4559,0.30489611,-0.28779326,-0.01551101,0.00410000,0.00330000,0.00430000
2002.4586,0.30974668,-0.28040220,-0.00983204,0.00395000,0.00335000,0.00425000
2002.4613,0.30815759,-0.28473877,-0.01378350,0.00420000,0.00340000,0.00440000
2002.4641,0.30207283,-0.28271157,-0.02016470,0.00430000,0.00350000,0.00460000
2002.4668,0.30716639,-0.28733314,-0.01670668,0.00430000,0.00360000,0.00470000
2002.4695,0.30210753,-0.28587659,-0.01884154,0.00410000,0.00350000,0.00460000
2002.4723,0.30793408,-0.29101214,-0.01606307,0.00465000,0.00415000,0.00500000
2002.4750,0.30278747,-0.28326002,-0.01625235,0.00420000,0.00370000,0.00450000
2002.4778,0.29950238,-0.28322460,-0.01646223,0.00415000,0.00340000,0.00445000
2002.4805,0.30289994,-0.29030082,-0.01513381,0.00400000,0.00335000,0.00435000
2002.4832,0.30643482,-0.28287388,-0.02098173,0.00390000,0.00350000,0.00420000
2002.4860,0.29833063,-0.28610287,-0.01461379,0.00420000,0.00360000,0.00450000
2002.4887,0.30212048,-0.28655630,-0.01381481,0.00440000,0.00370000,0.00450000
2002.4914,0.30408765,-0.28860223,-0.02138324,0.00435000,0.00360000,0.00480000
2002.4942,0.30311666,-0.28902687,-0.01425912,0.00435000,0.00350000,0.00475000
2002.4969,0.29964254,-0.28714146,-0.02269118,0.00430000,0.00370000,0.00470000
2002.4997,0.30393011,-0.28990281,-0.02090155,0.00430000,0.00375000,0.00460000
2002.5024,0.30282079,-0.29022806,-0.02679169,0.00425000,0.00350000,0.00450000
2002.5051,0.30287883,-0.28350746,-0.03082845,0.00430000,0.00380000,0.00480000
2002.5079,0.30306127,-0.28958834,-0.02864253,0.00420000,0.00350000,0.00440000
2002.5106,0.30618121,-0.29185635,-0.02847441,0.00410000,0.00350000,0.00450000
2002.5133,0.30004735,-0.28966490,-0.01881003,0.00400000,0.00350000,0.00430000
2002.5161,0.30947631,-0.28659068,-0.02147022,0.00415000,0.00340000,0.00440000
2002.5188,0.30473437,-0.28771055,-0.02087861,0.00430000,0.00360000,0.00470000
2002.5216,0.30646295,-0.29098220,-0.02901274,0.00430000,0.00350000,0.00450000
2002.5243,0.30158331,-0.28547590,-0.01715498,0.00440000,0.00360000,0.00470000
2002.5270,0.30187320,-0.28970033,-0.01365552,0.00450000,0.00340000,0.00480000
2002.5298,0.29967363,-0.28843599,-0.02070056,0.00425000,0.00345000,0.00450000
2002.5325,0.30090616,-0.29032253,-0.02065833,0.00465000,0.00350000,0.00480000
2002.5352,0.30495194,-0.28743684,-0.03037740,0.00450000,0.00380000,0.00470000
2002.5380,0.30481464,-0.28502440,-0.01231255,0.00440000,0.00380000,0.00470000
2002.5407,0.29919137,-0.28647342,-0.01751446,0.00415000,0.00340000,0.00450000
2002.5435,0.29619283,-0.28671954,-0.02350497,0.00440000,0.00370000,0.00470000
2002.5462,0.30398122,-0.28820910,-0.02589932,0.00435000,0.00370000,0.00460000
2002.5489,0.30332861,-0.29019741,-0.02716938,0.00400000,0.00320000,0.00460000
2002.5517,0.30717490,-0.29278657,-0.02378308,0.00400000,0.00350000,0.00440000
2002.5544,0.30847531,-0.29029100,-0.02716246,0.00440000,0.00335000,0.00475000
2002.5572,0.30506775,-0.28967153,-0.01732932,0.00425000,0.00360000,0.00470000
2002.5599,0.30777478,-0.29607286,-0.02310053,0.00450000,0.00370000,0.00475000
2002.5626,0.30389105,-0.28835988,-0.02648652,0.00445000,0.00380000,0.00460000
2002.5654,0.30787243,-0.28934219,-0.02096232,0.00455000,0.00355000,0.00475000
2002.5681,0.30268441,-0.28671953,-0.02154099,0.00440000,0.00355000,0.00465000
2002.5708,0.30923901,-0.28859299,-0.02318133,0.00400000,0.00350000,0.00430000
2002.5736,0.31036990,-0.28641416,-0.02470119,0.00420000,0.00360000,0.00450000
2002.5763,0.29963209,-0.28976522,-0.02188232,0.00430000,0.00340000,0.00450000
2002.5791,0.31078118,-0.29199525,-0.03247990,0.00455000,0.00340000,0.00475000
2002.5818,0.30379042,-0.28659353,-0.02010016,0.00450000,0.00360000,0.00470000
2002.5845,0.30384901,-0.28759283,-0.02823801,0.00450000,0.00380000,0.00490000
2002.5873,0.30768464,-0.29065651,-0.03518770,0.00450000,0.00360000,0.00460000
2002.5900,0.30203357,-0.28718542,-0.02820315,0.00450000,0.00340000,0.00470000
2002.5927,0.30493077,-0.28614429,-0.02135320,0.00420000,0.00330000,0.00450000
2002.5955,0.30742489,-0.28900633,-0.03223620,0.00440000,0.00355000,0.00470000
2002.5982,0.30456624,-0.28861133,-0.02069194,0.00420000,0.00350000,0.00445000
2002.6010,0.30178186,-0.28148646,-0.03207182,0.00420000,0.00350000,0.00445000
2002.6037,0.30084989,-0.28804943,-0.01750793,0.00400000,0.00335000,0.00425000
2002.6064,0.30108273,-0.29027283,-0.02721500,0.00405000,0.00340000,0.00430000
2002.6092,0.31096605,-0.28869737,-0.02589668,0.00420000,0.00330000,0.00430000
2002.6119,0.30071326,-0.29184697,-0.01719404,0.00430000,0.00360000,0.00450000
2002.6146,0.30761598,-0.28604394,-0.02380558,0.00420000,0.00350000,0.00440000
2002.6174,0.30763832,-0.28593345,-0.01957642,0.00440000,0.00365000,0.00450000
2002.6201,0.30191366,-0.28600603,-0.01419434,0.00450000,0.00370000,0.00470000
2002.6229,0.30261896,-0.29477531,-0.01344173,0.00400000,0.00330000,0.00440000
2002.6256,0.29980009,-0.28956001,-0.01928051,0.00430000,0.00360000,0.00470000
2002.6283,0.30207173,-0.28661990,-0.01435150,0.00420000,0.00335000,0.00440000
2002.6311,0.30435489,-0.29273914,-0.01369084,0.00420000,0.00350000,0.00440000
2002.6338,0.30291030,-0.29002033,-0.02237635,0.00410000,0.00340000,0.00430000
2002.6366,0.30813464,-0.29252429,-0.02463909,0.00420000,0.00330000,0.00440000
2002.6393,0.30330677,-0.29170871,-0.02204565,0.00410000,0.00340000,0.00430000
2002.6420,0.30707218,-0.29217491,-0.01469188,0.00405000,0.00335000,0.00420000
2002.6448,0.30709708,-0.29094035,-0.01139810,0.00410000,0.00340000,0.00430000
2002.6475,0.30464133,-0.29323304,-0.01857708,0.00390000,0.00320000,0.00420000
2002.6502,0.30898854,-0.29535459,-0.01849746,0.00395000,0.00325000,0.00420000
2002.6530,0.30906064,-0.29179333,-0.01864672,0.00420000,0.00340000,0.00440000
2002.6557,0.31181236,-0.29681332,-0.01801678,0.00400000,0.00330000,0.00420000
2002.6585,0.30655551,-0.29393686,-0.00941126,0.00420000,0.00350000,0.00440000
2002.6612,0.30689775,-0.29600365,-0.01183495,0.00415000,0.00330000,0.00440000
2002.6639,0.31023988,-0.29016307,-0.01946961,0.00430000,0.00340000,0.00440000
2002.6667,0.30806611,-0.28949345,-0.00865639,0.00410000,0.00350000,0.00440000
2002.6694,0.30278129,-0.29066754,-0.01579541,0.00420000,0.00355000,0.00445000
2002.6721,0.30972376,-0.29280896,-0.00637923,0.00410000,0.00335000,0.00435000
2002.6749,0.30872920,-0.29112727,-0.01217456,0.00440000,0.00320000,0.00470000
2002.6776,0.30771339,-0.28650062,-0.01012557,0.00415000,0.00340000,0.00440000
2002.6804,0.30455537,-0.29061359,-0.01123993,0.00455000,0.00355000,0.00485000
2002.6831,0.30894589,-0.29606608,-0.00364618,0.00450000,0.00390000,0.00480000
2002.6858,0.30557607,-0.28733385,-0.01166150,0.00445000,0.00365000,0.00470000
2002.6886,0.30925484,-0.29001942,-0.00578897,0.00430000,0.00350000,0.00450000
2002.6913,0.30729635,-0.29671669,-0.00899846,0.00430000,0.00340000,0.00450000
2002.6940,0.31071418,-0.29445982,-0.01298280,0.00435000,0.00370000,0.00470000
2002.6968,0.30648107,-0.29341212,-0.01625902,0.00405000,0.00335000,0.00420000
2002.7023,0.31337478,-0.29243563,-0.02144193,0.00390000,0.00340000,0.00410000
2002.7050,0.31724394,-0.29033158,-0.02655104,0.00395000,0.00315000,0.00420000
2002.7077,0.30835022,-0.29662630,-0.03029807,0.00400000,0.00305000,0.00420000
2002.7105,0.31861115,-0.29333861,-0.01394918,0.00440000,0.00355000,0.00475000
2002.7132,0.31205250,-0.29211370,-0.01320659,0.00415000,0.00330000,0.00450000
2002.7159,0.31202565,-0.29128517,-0.01430849,0.00405000,0.00330000,0.00430000
2002.7187,0.31716246,-0.28988402,-0.01085092,0.00420000,0.00330000,0.00430000
2002.7214,0.31246394,-0.28743800,-0.01691060,0.00380000,0.00310000,0.00410000
2002.7242,0.31038642,-0.28925583,-0.02213128,0.00380000,0.00310000,0.00405000
2002.7269,0.31354875,-0.29025508,-0.01998731,0.00390000,0.00305000,0.00410000
2002.7296,0.31273257,-0.29012848,-0.02140216,0.00395000,0.00310000,0.00410000
2002.7324,0.31901457,-0.29339149,-0.02112247,0.00405000,0.00345000,0.00435000
2002.7351,0.30955574,-0.28934887,-0.01421942,0.00390000,0.00300000,0.00440000
2002.7379,0.31483336,-0.28880932,-0.01953308,0.00405000,0.00330000,0.00425000
2002.7406,0.31818135,-0.29682178,-0.02326662,0.00420000,0.00305000,0.00440000
2002.7433,0.31725143,-0.28794594,-0.02064202,0.00440000,0.00360000,0.00470000
2002.7461,0.31779456,-0.29233573,-0.01526323,0.00455000,0.00360000,0.00485000
2002.7488,0.31232706,-0.29115231,-0.02479815,0.00400000,0.00315000,0.00420000
2002.7515,0.31336519,-0.28732502,-0.02025885,0.00415000,0.00310000,0.00445000
2002.7543,0.31044894,-0.28470876,-0.01675011,0.00430000,0.00330000,0.00460000
2002.7570,0.31389437,-0.28927604,-0.01939216,0.00410000,0.00320000,0.00440000
2002.7598,0.31442880,-0.29082706,-0.02442583,0.00390000,0.00300000,0.00420000
2002.7625,0.31776918,-0.28583094,-0.01917160,0.00390000,0.00310000,0.00440000
2002.7652,0.31889998,-0.28433235,-0.02374839,0.00395000,0.00320000,0.00435000
2002.7680,0.31558544,-0.29044968,-0.03123215,0.00400000,0.00340000,0.00435000
2002.7707,0.31804784,-0.28775330,-0.03199363,0.00420000,0.00330000,0.00440000
2002.7734,0.31544651,-0.28349268,-0.02030136,0.00410000,0.00335000,0.00440000
2002.7762,0.31697411,-0.28985799,-0.02223651,0.00415000,0.00345000,0.00455000
2002.7789,0.31376082,-0.28916353,-0.02355930,0.00425000,0.00315000,0.00455000
2002.7817,0.32008710,-0.28867258,-0.03021458,0.00415000,0.00335000,0.00450000
2002.7844,0.31881608,-0.28865394,-0.02367846,0.00405000,0.00330000,0.00435000
2002.7871,0.31965565,-0.29063064,-0.03001485,0.00410000,0.00340000,0.00420000
2002.7899,0.31602916,-0.28691289,-0.02870693,0.00420000,0.00340000,0.00450000
2002.7926,0.31677785,-0.28825548,-0.03014909,0.00420000,0.00340000,0.00450000
2002.7953,0.31328377,-0.28621346,-0.02475008,0.00395000,0.00335000,0.00430000
2002.7981,0.31899849,-0.28747563,-0.02461857,0.00410000,0.00340000,0.00430000
2002.8008,0.31529510,-0.28806266,-0.02933750,0.00430000,0.00360000,0.00470000
2002.8036,0.31594624,-0.29152581,-0.01478283,0.00440000,0.00360000,0.00460000
2002.8063,0.31464421,-0.29083984,-0.01309141,0.00390000,0.00320000,0.00430000
2002.8090,0.31915418,-0.28855575,-0.01468653,0.00390000,0.00320000,0.00420000
2002.8118,0.31651062,-0.29430465,-0.01961088,0.00385000,0.00325000,0.00410000
2002.8145,0.31432836,-0.29057302,-0.01736018,0.00400000,0.00330000,0.00430000
2002.8172,0.31277270,-0.29239991,-0.01822108,0.00440000,0.00350000,0.00470000
2002.8200,0.31345968,-0.28816193,-0.01285963,0.00430000,0.00350000,0.00450000
2002.8227,0.31114687,-0.29211085,-0.00988677,0.00400000,0.00330000,0.00440000
2002.8255,0.31173129,-0.28835904,-0.01467399,0.00415000,0.00340000,0.00445000
2002.8282,0.31862853,-0.29475426,-0.00796688,0.00400000,0.00310000,0.00430000
2002.8309,0.31650832,-0.28667733,-0.01597556,0.00380000,0.00320000,0.00410000
2002.8337,0.31438574,-0.29193529,-0.02734506,0.00380000,0.00325000,0.00410000
2002.8364,0.31290316,-0.28844775,-0.01517450,0.00390000,0.00330000,0.00420000
2002.8392,0.31132080,-0.28789630,-0.02232751,0.00370000,0.00290000,0.00400000
2002.8419,0.31964548,-0.29051529,-0.02284296,0.00385000,0.00325000,0.00415000
2002.8446,0.31838253,-0.29110247,-0.02149038,0.00370000,0.00310000,0.00400000
2002.8474,0.31310204,-0.28947046,-0.02150153,0.00370000,0.00300000,0.00400000
2002.8501,0.31497259,-0.28936107,-0.01821172,0.00385000,0.00310000,0.00410000
2002.8528,0.31678665,-0.28944526,-0.01757868,0.00420000,0.00340000,0.00450000
2002.8583,0.31229779,-0.28850114,-0.01222454,0.00450000,0.00320000,0.00490000
2002.8611,0.31550937,-0.28501327,-0.01933202,0.00465000,0.00405000,0.00495000
2002.8638,0.31521257,-0.28940245,-0.00995326,0.00400000,0.00350000,0.00430000
2002.8665,0.30850192,-0.29392611,-0.00093725,0.00395000,0.00330000,0.00435000
2002.8693,0.31598524,-0.29001460,-0.01778998,0.00400000,0.00320000,0.00440000
2002.8720,0.30859538,-0.29128057,-0.01480457,0.00420000,0.00340000,0.00450000
2002.8747,0.31339475,-0.29447768,-0.01074323,0.00415000,0.00340000,0.00435000
2002.8775,0.31414233,-0.29692719,-0.02028977,0.00390000,0.00310000,0.00410000
2002.8802,0.31528983,-0.29323785,-0.01665093,0.00400000,0.00330000,0.00420000
2002.8830,0.31059472,-0.30276114,-0.02126626,0.00395000,0.00330000,0.00420000
2002.8857,0.30952541,-0.29429464,-0.01860204,0.00390000,0.00320000,0.00420000
2002.8884,0.31227888,-0.29699044,-0.02523728,0.00395000,0.00325000,0.00420000
2002.8912,0.31426045,-0.29427532,-0.02092873,0.00385000,0.00310000,0.00420000
2002.8939,0.31475427,-0.29634112,-0.01946827,0.00370000,0.00305000,0.00400000
2002.8966,0.30625775,-0.29711398,-0.02854268,0.00410000,0.00360000,0.00445000
2002.8994,0.31293932,-0.29138169,-0.01568292,0.00375000,0.00315000,0.00410000
2002.9021,0.31237206,-0.29297562,-0.02387284,0.00395000,0.00335000,0.00430000
2002.9049,0.31472958,-0.29258963,-0.01961112,0.00430000,0.00360000,0.00440000
2002.9076,0.31093688,-0.29793628,-0.02158754,0.00400000,0.00350000,0.00430000
2002.9103,0.31238824,-0.30361281,-0.02547328,0.00410000,0.00345000,0.00435000
2002.9131,0.31615446,-0.29254367,-0.01451273,0.00430000,0.00370000,0.00460000
2002.9158,0.31525752,-0.29672597,-0.02329517,0.00400000,0.00350000,0.00440000
2002.9185,0.31036755,-0.29737823,-0.02457686,0.00390000,0.00320000,0.00420000
2002.9213,0.31537951,-0.29246599,-0.01200355,0.00390000,0.00320000,0.00410000
2002.9240,0.31637701,-0.29531462,-0.01981143,0.00380000,0.00320000,0.00410000
2002.9268,0.31146409,-0.29326984,-0.03027082,0.00390000,0.00320000,0.00420000
2002.9295,0.31555066,-0.29173901,-0.02391275,0.00370000,0.00310000,0.00390000
2002.9322,0.31674823,-0.29413972,-0.02093847,0.00380000,0.00315000,0.00410000
2002.9350,0.31555642,-0.29528430,-0.01522122,0.00390000,0.00320000,0.00410000
2002.9377,0.31641617,-0.29572637,-0.02717115,0.00380000,0.00290000,0.00400000
2002.9405,0.31381065,-0.28928177,-0.01416965,0.00385000,0.00310000,0.00420000
2002.9432,0.31533430,-0.29674012,-0.01551691,0.00390000,0.00320000,0.00420000
2002.9459,0.31245398,-0.29966964,-0.01991570,0.00385000,0.00315000,0.00420000
2002.9487,0.31441559,-0.29881552,-0.01907487,0.00370000,0.00320000,0.00400000
2002.9514,0.31660599,-0.29451035,-0.01596049,0.00380000,0.00305000,0.00415000
2002.9541,0.31574350,-0.29274149,-0.02415317,0.00425000,0.00340000,0.00450000
2002.9569,0.31780245,-0.29483216,-0.02638066,0.00450000,0.00370000,0.00485000
2002.9596,0.31811024,-0.30195958,-0.02136759,0.00455000,0.00385000,0.00480000
2002.9624,0.31491934,-0.29719052,-0.01386517,0.00530000,0.00450000,0.00550000
2002.9651,0.31820718,-0.29647306,-0.01450010,0.00430000,0.00330000,0.00450000
2002.9678,0.31853608,-0.30254135,-0.01915120,0.00380000,0.00300000,0.00410000
2002.9706,0.31125565,-0.30032844,-0.02071774,0.00450000,0.00360000,0.00475000
2002.9733,0.31798472,-0.30221114,-0.01934033,0.00390000,0.00330000,0.00420000
2002.9760,0.31676816,-0.29985044,-0.02158118,0.00370000,0.00290000,0.00390000
2002.9788,0.31438544,-0.29660723,-0.01449077,0.00390000,0.00310000,0.00420000
2002.9815,0.31289763,-0.29658523,-0.01121437,0.00365000,0.00295000,0.00395000
2002.9843,0.31835625,-0.29456234,-0.01846311,0.00380000,0.00310000,0.00410000
2002.9870,0.31741423,-0.30026020,-0.03726025,0.00370000,0.00300000,0.00400000
2002.9897,0.31734866,-0.29606060,-0.03659804,0.00360000,0.00290000,0.00410000
2002.9925,0.31860999,-0.29816072,-0.03169403,0.00365000,0.00285000,0.00400000
2002.9952,0.31732701,-0.30277268,-0.02293397,0.00425000,0.00340000,0.00450000
2002.9979,0.31283289,-0.30001678,-0.03719137,0.00370000,0.00290000,0.00400000
2003.0007,0.31615532,-0.30226347,-0.02794021,0.00405000,0.00330000,0.00430000
2003.0034,0.31884053,-0.29965099,-0.01620326,0.00380000,0.00320000,0.00405000
2003.0062,0.32215878,-0.30035744,-0.02586061,0.00370000,0.00305000,0.00390000
2003.0089,0.31840433,-0.29873528,-0.02511419,0.00370000,0.00310000,0.00400000
2003.0116,0.31812235,-0.29946440,-0.02037973,0.00360000,0.00300000,0.00390000
2003.0144,0.31608231,-0.30172477,-0.01698007,0.00375000,0.00320000,0.00405000
2003.0171,0.32512154,-0.29647875,-0.02668248,0.00360000,0.00300000,0.00380000
2003.0198,0.31999917,-0.29612574,-0.01557899,0.00395000,0.00335000,0.00425000
2003.0226,0.32156045,-0.30036695,-0.01403372,0.00370000,0.00325000,0.00420000
2003.0253,0.31859875,-0.29405575,-0.01783441,0.00360000,0.00290000,0.00390000
2003.0281,0.32619174,-0.29721064,-0.01336901,0.00370000,0.00300000,0.00410000
2003.0308,0.32255374,-0.29914303,-0.01581197,0.00370000,0.00290000,0.00410000
2003.0335,0.32325883,-0.29883305,-0.02270158,0.00370000,0.00290000,0.00380000
2003.0363,0.32118486,-0.29604982,-0.02134351,0.00355000,0.00295000,0.00385000
2003.0390,0.32689922,-0.29749537,-0.01653272,0.00370000,0.00295000,0.00400000
2003.0418,0.32160120,-0.30249606,-0.02661430,0.00380000,0.00300000,0.00400000
2003.0445,0.32050026,-0.29231078,-0.03245819,0.00340000,0.00270000,0.00360000
2003.0472,0.32013547,-0.29773550,-0.02149165,0.00370000,0.00290000,0.00390000
2003.0500,0.32164377,-0.29730910,-0.02585529,0.00360000,0.00280000,0.00400000
2003.0527,0.31911500,-0.29831965,-0.02329977,0.00370000,0.00300000,0.00400000
2003.0554,0.32408682,-0.29791165,-0.03646286,0.00400000,0.00320000,0.00420000
2003.0582,0.32490978,-0.29912975,-0.02614011,0.00420000,0.00335000,0.00455000
2003.0609,0.32090129,-0.29918358,-0.03447186,0.00390000,0.00310000,0.00430000
2003.0637,0.32593985,-0.29672320,-0.04088704,0.00420000,0.00340000,0.00450000
2003.0664,0.32270545,-0.30103584,-0.04030702,0.00390000,0.00300000,0.00420000
2003.0691,0.31706239,-0.29497902,-0.03548121,0.00400000,0.00300000,0.00415000
2003.0719,0.32207400,-0.30308902,-0.02845555,0.00400000,0.00310000,0.00420000
2003.0746,0.32879125,-0.30103801,-0.02893741,0.00380000,0.00300000,0.00415000
2003.0773,0.32342480,-0.30183072,-0.02195239,0.00380000,0.00300000,0.00390000
2003.0801,0.32832677,-0.29985653,-0.02115713,0.00380000,0.00290000,0.00410000
2003.0828,0.32831663,-0.30020899,-0.03298685,0.00380000,0.00320000,0.00410000
2003.0856,0.32680563,-0.30312541,-0.01144490,0.00380000,0.00310000,0.00410000
2003.0883,0.32034914,-0.30594649,-0.02025177,0.00360000,0.00300000,0.00410000
2003.0910,0.32431563,-0.30519944,-0.02604420,0.00430000,0.00320000,0.00460000
2003.0938,0.32060136,-0.30318688,-0.02115223,0.00355000,0.00285000,0.00395000
2003.0965,0.32211295,-0.30792614,-0.03293096,0.00360000,0.00295000,0.00400000
2003.0992,0.32106472,-0.30721711,-0.03167753,0.00350000,0.00300000,0.00400000
2003.1020,0.31838162,-0.30421581,-0.02690817,0.00360000,0.00290000,0.00405000
2003.1047,0.32616272,-0.30341398,-0.03323877,0.00345000,0.00290000,0.00380000
2003.1075,0.32364934,-0.30420797,-0.02295357,0.00340000,0.00280000,0.00390000
2003.1102,0.32575102,-0.30225064,-0.02309989,0.00340000,0.00290000,0.00400000
2003.1129,0.32128313,-0.29600027,-0.02833979,0.00390000,0.00290000,0.00430000
2003.1157,0.32831489,-0.30264108,-0.03098547,0.00440000,0.00380000,0.00460000
2003.1184,0.32549101,-0.29946937,-0.03178701,0.00400000,0.00360000,0.00440000
2003.1211,0.32592697,-0.30458349,-0.03037933,0.00395000,0.00325000,0.00445000
2003.1239,0.32386461,-0.29871980,-0.03243770,0.00375000,0.00300000,0.00415000
2003.1266,0.32362801,-0.30294868,-0.02641910,0.00365000,0.00285000,0.00395000
2003.1294,0.32690929,-0.30463327,-0.03429766,0.00390000,0.00320000,0.00430000
2003.1321,0.32716600,-0.29639494,-0.04055683,0.00410000,0.00340000,0.00440000
2003.1348,0.33014686,-0.30556509,-0.03251693,0.00405000,0.00325000,0.00450000
2003.1376,0.33078168,-0.29842476,-0.03203903,0.00360000,0.00305000,0.00415000
2003.1403,0.32465477,-0.30170375,-0.03145215,0.00370000,0.00310000,0.00410000
2003.1431,0.33017737,-0.30254820,-0.03693607,0.00340000,0.00280000,0.00380000
2003.1458,0.32537315,-0.30341906,-0.03710864,0.00355000,0.00275000,0.00410000
2003.1485,0.32502448,-0.30351207,-0.03814538,0.00355000,0.00285000,0.00395000
2003.1513,0.32291726,-0.29792314,-0.04383841,0.00375000,0.00285000,0.00420000
2003.1540,0.32250006,-0.29996379,-0.04517066,0.00415000,0.00330000,0.00440000
2003.1567,0.32910709,-0.30548632,-0.03986242,0.00360000,0.00280000,0.00390000
2003.1595,0.32762236,-0.30487342,-0.03272298,0.00405000,0.00345000,0.00460000
2003.1622,0.32631482,-0.30467257,-0.03639494,0.00350000,0.00280000,0.00385000
2003.1650,0.32386664,-0.30298831,-0.04077881,0.00370000,0.00280000,0.00380000
2003.1677,0.32335610,-0.30227195,-0.04545216,0.00350000,0.00290000,0.00380000
2003.1704,0.32685857,-0.30373771,-0.04030267,0.00365000,0.00305000,0.00405000
2003.1732,0.32364625,-0.30202250,-0.03869542,0.00370000,0.00285000,0.00395000
2003.1759,0.32636750,-0.29748942,-0.02920746,0.00360000,0.00290000,0.00380000
2003.1786,0.32800315,-0.30343333,-0.02617567,0.00350000,0.00290000,0.00395000
2003.1814,0.32633610,-0.30252996,-0.03809735,0.00390000,0.00305000,0.00425000
2003.1841,0.32431610,-0.30437358,-0.02785167,0.00340000,0.00280000,0.00400000
2003.1869,0.32737597,-0.30385561,-0.02218105,0.00360000,0.00300000,0.00400000
2003.1896,0.33144700,-0.30560871,-0.01627318,0.00380000,0.00290000,0.00420000
2003.1923,0.32653798,-0.30466075,-0.02765978,0.00370000,0.00280000,0.00410000
2003.1951,0.33119328,-0.30596432,-0.02760704,0.00380000,0.00315000,0.00405000
2003.1978,0.32292943,-0.30588364,-0.01691765,0.00405000,0.00325000,0.00435000
2003.2005,0.32623887,-0.30653663,-0.01833166,0.00420000,0.00350000,0.00480000
2003.2033,0.32944559,-0.30401019,-0.01977604,0.00435000,0.00330000,0.00475000
2003.2060,0.32744696,-0.30393153,-0.02611862,0.00470000,0.00390000,0.00500000
2003.2088,0.33158490,-0.30195524,-0.02710779,0.00400000,0.00330000,0.00440000
2003.2115,0.32297354,-0.30221663,-0.02240712,0.00350000,0.00290000,0.00390000
2003.2142,0.33014300,-0.30998129,-0.02801450,0.00370000,0.00305000,0.00405000
2003.2170,0.32562176,-0.31140150,-0.02502415,0.00390000,0.00300000,0.00425000
2003.2197,0.32864578,-0.30483433,-0.01785902,0.00385000,0.00310000,0.00415000
2003.2225,0.33129770,-0.30490872,-0.01798682,0.00390000,0.00330000,0.00430000
2003.2252,0.32957682,-0.30587720,-0.03008405,0.00370000,0.00290000,0.00405000
2003.2279,0.32445087,-0.30582518,-0.01849882,0.00410000,0.00330000,0.00450000
2003.2307,0.32796949,-0.30526401,-0.01694736,0.00430000,0.00340000,0.00450000
2003.2334,0.32741517,-0.30776088,-0.01610181,0.00390000,0.00310000,0.00430000
2003.2361,0.32206773,-0.30407053,-0.01340885,0.00390000,0.00340000,0.00470000
2003.2389,0.33070668,-0.30491192,-0.01985232,0.00390000,0.00330000,0.00420000
2003.2416,0.32858714,-0.30724982,-0.01504030,0.00390000,0.00310000,0.00420000
2003.2444,0.32754026,-0.30425193,-0.01588551,0.00380000,0.00300000,0.00410000
2003.2471,0.32468490,-0.30235700,-0.02516352,0.00380000,0.00300000,0.00400000
2003.2498,0.32954156,-0.30589441,-0.02267391,0.00395000,0.00315000,0.00435000
2003.2526,0.33297365,-0.30139775,-0.01481762,0.00440000,0.00330000,0.00470000
2003.2553,0.32747890,-0.30356674,-0.02853038,0.00370000,0.00310000,0.00440000
2003.2580,0.32859371,-0.30007935,-0.02118710,0.00390000,0.00330000,0.00430000
2003.2608,0.33034639,-0.30451545,-0.02144559,0.00380000,0.00330000,0.00410000
2003.2635,0.33313162,-0.30412822,-0.02665783,0.00350000,0.00290000,0.00390000
2003.2663,0.33062034,-0.30689065,-0.02747880,0.00350000,0.00285000,0.00375000
2003.2690,0.33617825,-0.30481584,-0.02719527,0.00345000,0.00275000,0.00380000
2003.2717,0.32920895,-0.30209099,-0.03014698,0.00370000,0.00290000,0.00390000
2003.2745,0.33019935,-0.30647886,-0.02115251,0.00380000,0.00290000,0.00410000
2003.2772,0.33057682,-0.30706535,-0.03117576,0.00370000,0.00300000,0.00420000
2003.2799,0.33410372,-0.30816434,-0.03028598,0.00400000,0.00320000,0.00430000
2003.2827,0.33353712,-0.30615313,-0.03349315,0.00390000,0.00320000,0.00430000
2003.2854,0.33128946,-0.30708762,-0.01918362,0.00370000,0.00310000,0.00420000
2003.2882,0.32335742,-0.30215633,-0.01855795,0.00375000,0.00310000,0.00425000
2003.2909,0.32750606,-0.30640784,-0.03081330,0.00360000,0.00290000,0.00410000
2003.2936,0.32885117,-0.30728147,-0.03525034,0.00400000,0.00330000,0.00430000
2003.2964,0.33036120,-0.30452241,-0.02891221,0.00400000,0.00325000,0.00435000
2003.2991,0.32246444,-0.30231356,-0.04847508,0.00405000,0.00320000,0.00430000
2003.3018,0.32390128,-0.30514891,-0.03747398,0.00390000,0.00295000,0.00420000
2003.3046,0.32179534,-0.30313494,-0.03048998,0.00420000,0.00330000,0.00460000
2003.3073,0.32758666,-0.30686187,-0.03702424,0.00405000,0.00330000,0.00440000
2003.3101,0.32016896,-0.30789667,-0.03332415,0.00380000,0.00300000,0.00400000
2003.3128,0.32480085,-0.31011038,-0.03199646,0.00385000,0.00320000,0.00415000
2003.3155,0.32501741,-0.31015870,-0.03383948,0.00390000,0.00320000,0.00420000
2003.3183,0.31861246,-0.30345371,-0.03604647,0.00425000,0.00330000,0.00455000
2003.3210,0.32666408,-0.30682248,-0.03197074,0.00395000,0.00325000,0.00430000
2003.3238,0.32655317,-0.31223048,-0.02985152,0.00410000,0.00320000,0.00440000
2003.3265,0.32824170,-0.30768075,-0.03086765,0.00410000,0.00335000,0.00455000
2003.3292,0.32488995,-0.30955040,-0.03868356,0.00400000,0.00330000,0.00430000
2003.3320,0.32879580,-0.30522527,-0.02974049,0.00395000,0.00325000,0.00435000
2003.3347,0.32542380,-0.31040669,-0.03583155,0.00400000,0.00340000,0.00435000
2003.3374,0.32511379,-0.30829113,-0.02600537,0.00470000,0.00400000,0.00490000
2003.3402,0.32625443,-0.30838588,-0.03106310,0.00425000,0.00340000,0.00450000
2003.3429,0.32114016,-0.30862553,-0.03335172,0.00380000,0.00300000,0.00410000
2003.3457,0.32447878,-0.30904591,-0.02904946,0.00390000,0.00315000,0.00410000
2003.3484,0.32199462,-0.30991564,-0.03035292,0.00380000,0.00320000,0.00410000
2003.3511,0.32476046,-0.31037823,-0.02698094,0.00395000,0.00330000,0.00430000
2003.3539,0.32653857,-0.30759945,-0.02561959,0.00370000,0.00320000,0.00390000
2003.3566,0.32856106,-0.30670347,-0.02952452,0.00350000,0.00305000,0.00385000
2003.3593,0.32614776,-0.30883416,-0.03448952,0.00365000,0.00300000,0.00395000
2003.3621,0.32797263,-0.31255183,-0.03206633,0.00380000,0.00315000,0.00410000
2003.3648,0.32776938,-0.31070200,-0.03149683,0.00400000,0.00340000,0.00430000
2003.3676,0.32757722,-0.30892552,-0.03138735,0.00425000,0.00325000,0.00450000
2003.3703,0.32746302,-0.30299505,-0.03144993,0.00380000,0.00310000,0.00425000
2003.3730,0.32814825,-0.30920458,-0.03107808,0.00370000,0.00290000,0.00420000
2003.3758,0.32922129,-0.31424351,-0.03274494,0.00420000,0.00320000,0.00450000
2003.3785,0.32454700,-0.30596979,-0.03023774,0.00380000,0.00300000,0.00410000
2003.3812,0.32706429,-0.30844954,-0.02418834,0.00375000,0.00295000,0.00405000
2003.3840,0.33167794,-0.30841952,-0.03253654,0.00345000,0.00295000,0.00385000
2003.3867,0.33261142,-0.31209692,-0.03603914,0.00340000,0.00285000,0.00395000
2003.3895,0.32766619,-0.30796961,-0.03320146,0.00380000,0.00320000,0.00415000
2003.3922,0.33089171,-0.30747548,-0.02990485,0.00380000,0.00320000,0.00410000
2003.3949,0.33083920,-0.31320289,-0.02887162,0.00440000,0.00350000,0.00470000
2003.3977,0.33060409,-0.31480042,-0.02916252,0.00400000,0.00315000,0.00435000
2003.4004,0.32873912,-0.31388730,-0.02390163,0.00370000,0.00310000,0.00420000
2003.4031,0.32743530,-0.30912959,-0.02423214,0.00400000,0.00320000,0.00430000
2003.4059,0.32582160,-0.30962174,-0.03323846,0.00415000,0.00340000,0.00450000
2003.4086,0.32933588,-0.31334082,-0.03476036,0.00430000,0.00340000,0.00470000
2003.4114,0.32954521,-0.31579324,-0.03046454,0.00425000,0.00375000,0.00470000
2003.4141,0.33115986,-0.31528868,-0.03292273,0.00400000,0.00350000,0.00420000
2003.4168,0.33055893,-0.31615325,-0.04000908,0.00400000,0.00330000,0.00420000
2003.4196,0.32899194,-0.31909069,-0.02881182,0.00410000,0.00340000,0.00450000
2003.4223,0.32800837,-0.31080073,-0.02540313,0.00400000,0.00340000,0.00440000
2003.4251,0.32961718,-0.31378248,-0.03272021,0.00420000,0.00350000,0.00440000
2003.4278,0.32916188,-0.30642613,-0.02466777,0.00410000,0.00350000,0.00440000
2003.4305,0.32330120,-0.30812007,-0.02080662,0.00415000,0.00345000,0.00440000
2003.4333,0.33201081,-0.31319856,-0.02848134,0.00400000,0.00330000,0.00440000
2003.4360,0.32739776,-0.31417595,-0.02745151,0.00420000,0.00350000,0.00455000
2003.4387,0.32708978,-0.31182108,-0.03226155,0.00430000,0.00330000,0.00460000
2003.4415,0.33258401,-0.31970960,-0.02810872,0.00405000,0.00330000,0.00430000
2003.4442,0.32460014,-0.31465667,-0.02777064,0.00420000,0.00330000,0.00450000
2003.4470,0.32962766,-0.31599824,-0.03188452,0.00410000,0.00290000,0.00430000
2003.4497,0.33330171,-0.31411730,-0.02282775,0.00430000,0.00340000,0.00450000
2003.4524,0.32732729,-0.31615240,-0.02992673,0.00395000,0.00310000,0.00440000
2003.4552,0.33408440,-0.31926683,-0.02661464,0.00390000,0.00320000,0.00420000
2003.4579,0.32982985,-0.31210744,-0.02871478,0.00380000,0.00305000,0.00430000
2003.4606,0.32783507,-0.31254157,-0.02537064,0.00400000,0.00340000,0.00430000
2003.4634,0.33417244,-0.31851704,-0.01943441,0.00430000,0.00360000,0.00470000
2003.4661,0.32643378,-0.31490111,-0.03134730,0.00410000,0.00350000,0.00440000
2003.4689,0.32244891,-0.31363097,-0.02781218,0.00420000,0.00340000,0.00460000
2003.4716,0.32562471,-0.30958793,-0.02035295,0.00370000,0.00300000,0.00400000
2003.4743,0.32714646,-0.30629474,-0.02546544,0.00390000,0.00330000,0.00410000
2003.4771,0.33053282,-0.31163268,-0.02650629,0.00400000,0.00340000,0.00425000
2003.4798,0.33685490,-0.30822332,-0.02774247,0.00425000,0.00350000,0.00460000
2003.4825,0.33523024,-0.31436135,-0.02203146,0.00390000,0.00320000,0.00425000
2003.4853,0.33492009,-0.31256473,-0.03043925,0.00380000,0.00310000,0.00410000
2003.4880,0.33304215,-0.31209242,-0.03294314,0.00410000,0.00330000,0.00440000
2003.4908,0.32796583,-0.31061922,-0.03099889,0.00390000,0.00320000,0.00430000
2003.4935,0.33005385,-0.30598607,-0.02127415,0.00410000,0.00350000,0.00440000
2003.4962,0.33340916,-0.30773906,-0.02491863,0.00420000,0.00350000,0.00440000
2003.4990,0.33173861,-0.30999944,-0.02548961,0.00420000,0.00360000,0.00450000
2003.5017,0.32944179,-0.30775355,-0.03451598,0.00425000,0.00345000,0.00445000
2003.5044,0.33007762,-0.30950661,-0.02992888,0.00440000,0.00365000,0.00465000
2003.5072,0.32897107,-0.31106755,-0.03091685,0.00415000,0.00345000,0.00435000
2003.5099,0.32855157,-0.30900057,-0.02558237,0.00405000,0.00345000,0.00435000
2003.5127,0.32961787,-0.31338316,-0.02349033,0.00390000,0.00330000,0.00430000
2003.5154,0.32697733,-0.31112134,-0.02995967,0.00410000,0.00350000,0.00450000
2003.5181,0.32237049,-0.31403920,-0.02573407,0.00400000,0.00340000,0.00430000
2003.5209,0.32805090,-0.31002732,-0.02922703,0.00410000,0.00320000,0.00430000
2003.5236,0.32866034,-0.31145334,-0.02598276,0.00430000,0.00350000,0.00460000
2003.5264,0.33456172,-0.31471950,-0.03852536,0.00435000,0.00355000,0.00460000
2003.5291,0.33305393,-0.31349293,-0.02996081,0.00460000,0.00375000,0.00480000
2003.5318,0.32892276,-0.30940132,-0.02984869,0.00470000,0.00370000,0.00490000
2003.5346,0.32622894,-0.31196346,-0.02981983,0.00450000,0.00375000,0.00490000
2003.5373,0.32760076,-0.31551150,-0.02421663,0.00460000,0.00375000,0.00500000
2003.5400,0.33088575,-0.31363341,-0.01972455,0.00455000,0.00380000,0.00495000
2003.5428,0.33281205,-0.32160908,-0.02898783,0.00495000,0.00410000,0.00525000
2003.5455,0.33050711,-0.31275292,-0.02583163,0.00465000,0.00390000,0.00495000
2003.5483,0.33653093,-0.31856968,-0.02222412,0.00490000,0.00390000,0.00500000
2003.5510,0.32960318,-0.32053432,-0.02318455,0.00450000,0.00380000,0.00505000
2003.5537,0.33307842,-0.31779031,-0.02638731,0.00460000,0.00360000,0.00510000
2003.5565,0.33294674,-0.31645599,-0.01993935,0.00470000,0.00370000,0.00500000
2003.5592,0.33661941,-0.31798790,-0.02354225,0.00435000,0.00355000,0.00465000
2003.5619,0.33596671,-0.31657015,-0.02941555,0.00440000,0.00365000,0.00480000
2003.5647,0.32830375,-0.31047362,-0.02666215,0.00480000,0.00380000,0.00500000
2003.5674,0.33691232,-0.31337375,-0.02026479,0.00465000,0.00390000,0.00490000
2003.5702,0.33713216,-0.31429528,-0.02232509,0.00455000,0.00365000,0.00480000
2003.5729,0.33017581,-0.31463887,-0.02343346,0.00460000,0.00370000,0.00490000
2003.5756,0.32787264,-0.31867903,-0.03063786,0.00465000,0.00395000,0.00535000
2003.5784,0.33536655,-0.31705152,-0.02957883,0.00480000,0.00390000,0.00520000
2003.5811,0.33913944,-0.32015901,-0.01864298,0.00450000,0.00365000,0.00485000
2003.5838,0.33753914,-0.31684553,-0.01795946,0.00540000,0.00420000,0.00560000
2003.5866,0.33474469,-0.31462726,-0.02166450,0.00480000,0.00390000,0.00520000
2003.5893,0.33405066,-0.31203424,-0.01212782,0.00460000,0.00340000,0.00500000
2003.5921,0.33630235,-0.31777397,-0.02317188,0.00440000,0.00340000,0.00460000
2003.5948,0.33845992,-0.31589113,-0.02383835,0.00440000,0.00350000,0.00460000
2003.5975,0.33708510,-0.31075263,-0.01322263,0.00435000,0.00340000,0.00465000
2003.6003,0.33266193,-0.31303037,-0.01125466,0.00420000,0.00355000,0.00470000
2003.6030,0.33460047,-0.31365337,-0.01755406,0.00430000,0.00360000,0.00455000
2003.6057,0.33441792,-0.31181622,-0.01643294,0.00440000,0.00365000,0.00470000
2003.6085,0.33818414,-0.31019873,-0.01116098,0.00410000,0.00355000,0.00440000
2003.6112,0.33446071,-0.31385764,-0.00476616,0.00420000,0.00360000,0.00460000
2003.6140,0.33732818,-0.30820456,-0.01806573,0.00440000,0.00360000,0.00470000
2003.6167,0.33852769,-0.30770292,-0.02108751,0.00450000,0.00350000,0.00470000
2003.6194,0.33511019,-0.31775182,-0.02263318,0.00455000,0.00375000,0.00495000
2003.6222,0.33521989,-0.31873154,-0.01244158,0.00430000,0.00370000,0.00460000
2003.6249,0.33583317,-0.31839118,-0.00704450,0.00450000,0.00380000,0.00470000
2003.6277,0.32665599,-0.31891107,-0.01294752,0.00425000,0.00365000,0.00455000
2003.6304,0.33774012,-0.31827256,-0.00197949,0.00440000,0.00365000,0.00475000
2003.6331,0.32945364,-0.31800411,-0.00112335,0.00460000,0.00390000,0.00490000
2003.6359,0.33115893,-0.31509496,-0.01462957,0.00460000,0.00375000,0.00500000
2003.6413,0.32900708,-0.31354476,-0.01267210,0.00470000,0.00370000,0.00490000
2003.6441,0.33048710,-0.31098795,-0.00994424,0.00460000,0.00360000,0.00470000
2003.6468,0.33197277,-0.31548462,-0.00389134,0.00445000,0.00330000,0.00480000
2003.6496,0.33208275,-0.31216858,-0.00503272,0.00440000,0.00360000,0.00470000
2003.6550,0.32984300,-0.32076777,-0.01302815,0.00450000,0.00360000,0.00470000
2003.6578,0.33446339,-0.31656211,-0.01409711,0.00450000,0.00380000,0.00480000
2003.6605,0.33303493,-0.31873612,-0.01730014,0.00440000,0.00360000,0.00460000
2003.6632,0.33099893,-0.31395099,-0.00614667,0.00450000,0.00350000,0.00470000
2003.6660,0.32833114,-0.31629692,-0.01538459,0.00450000,0.00370000,0.00470000
2003.6687,0.33130193,-0.31645032,-0.02108985,0.00440000,0.00330000,0.00470000
2003.6715,0.33708564,-0.31647085,-0.02248892,0.00440000,0.00350000,0.00470000
2003.6742,0.33348572,-0.31183373,-0.01637682,0.00445000,0.00365000,0.00480000
2003.6769,0.33274724,-0.31638824,-0.01838893,0.00440000,0.00370000,0.00470000
2003.6797,0.33845144,-0.31248126,-0.01725475,0.00450000,0.00360000,0.00480000
2003.6824,0.33515153,-0.31142553,-0.02640819,0.00440000,0.00360000,0.00460000
2003.6851,0.33025716,-0.31253549,-0.00598591,0.00440000,0.00340000,0.00460000
2003.6879,0.33498403,-0.30900273,-0.01675036,0.00450000,0.00360000,0.00480000
2003.6906,0.33784138,-0.31436430,-0.01884310,0.00420000,0.00330000,0.00460000
2003.6934,0.33526665,-0.30931751,-0.01275414,0.00385000,0.00295000,0.00415000
2003.6961,0.33619937,-0.31599932,-0.02087301,0.00395000,0.00310000,0.00425000
2003.6988,0.33696057,-0.31376987,-0.01482795,0.00375000,0.00305000,0.00415000
2003.7016,0.33448545,-0.31460423,-0.01724747,0.00370000,0.00285000,0.00415000
2003.7043,0.33406208,-0.31784875,-0.01963789,0.00400000,0.00315000,0.00430000
2003.7070,0.33243728,-0.31521271,-0.02118767,0.00400000,0.00330000,0.00440000
2003.7098,0.33352530,-0.31480664,-0.00891113,0.00380000,0.00310000,0.00430000
2003.7125,0.33639682,-0.31241699,-0.02157272,0.00390000,0.00330000,0.00430000
2003.7153,0.33402406,-0.31567417,-0.02093157,0.00395000,0.00315000,0.00420000
2003.7180,0.33304476,-0.31580275,-0.02020341,0.00380000,0.00285000,0.00405000
2003.7207,0.33509120,-0.31404415,-0.01800260,0.00380000,0.00280000,0.00420000
2003.7235,0.33603428,-0.31685319,-0.01824826,0.00370000,0.00285000,0.00410000
2003.7262,0.33651198,-0.31536633,-0.01780135,0.00380000,0.00280000,0.00420000
2003.7290,0.33964660,-0.31567128,-0.01701871,0.00415000,0.00340000,0.00440000
2003.7317,0.33883078,-0.31372439,-0.01191825,0.00410000,0.00345000,0.00445000
2003.7344,0.33990971,-0.31863875,-0.02106191,0.00400000,0.00320000,0.00425000
2003.7372,0.34590099,-0.31966649,-0.02421818,0.00400000,0.00320000,0.00420000
2003.7399,0.34221639,-0.31737237,-0.01720937,0.00390000,0.00320000,0.00420000
2003.7426,0.34109674,-0.31162765,-0.01785814,0.00370000,0.00310000,0.00400000
2003.7454,0.34057607,-0.31269647,-0.01470294,0.00390000,0.00290000,0.00430000
2003.7481,0.33930438,-0.31759638,-0.01513046,0.00400000,0.00290000,0.00450000
2003.7509,0.33612856,-0.31784185,-0.01588735,0.00425000,0.00300000,0.00455000
2003.7536,0.34406513,-0.31609937,-0.01143906,0.00405000,0.00320000,0.00425000
2003.7563,0.34090531,-0.31518973,-0.01319642,0.00390000,0.00290000,0.00420000
2003.7591,0.34426171,-0.31666787,-0.00950684,0.00385000,0.00290000,0.00430000
2003.7618,0.34202966,-0.31732190,-0.01111309,0.00400000,0.00320000,0.00430000
2003.7645,0.33915070,-0.31765506,-0.01048702,0.00400000,0.00325000,0.00455000
2003.7673,0.34658403,-0.31960692,-0.00490582,0.00400000,0.00320000,0.00460000
2003.7700,0.34540491,-0.31582675,-0.00977333,0.00400000,0.00320000,0.00440000
2003.7728,0.34405733,-0.31857653,-0.01530967,0.00400000,0.00310000,0.00420000
2003.7755,0.34169973,-0.31765027,-0.01122932,0.00395000,0.00300000,0.00430000
2003.7782,0.34086622,-0.31338756,-0.00818808,0.00400000,0.00330000,0.00430000
2003.7810,0.33757209,-0.31744042,-0.01248740,0.00415000,0.00325000,0.00460000
2003.7837,0.34286133,-0.31732368,-0.01561693,0.00375000,0.00290000,0.00410000
2003.7864,0.33318303,-0.31805147,-0.00910250,0.00390000,0.00290000,0.00440000
2003.7892,0.34090702,-0.31647468,-0.01242675,0.00370000,0.00290000,0.00400000
2003.7919,0.34174494,-0.31901399,-0.01613676,0.00385000,0.00305000,0.00425000
2003.7947,0.34305760,-0.32363738,0.00290453,0.00375000,0.00300000,0.00410000
2003.7974,0.33798223,-0.31759494,-0.01390182,0.00390000,0.00320000,0.00410000
2003.8001,0.33930135,-0.32051258,-0.01011577,0.00390000,0.00310000,0.00430000
2003.8029,0.34249379,-0.31943820,-0.01470728,0.00380000,0.00305000,0.00405000
2003.8056,0.33560823,-0.32168606,-0.01798087,0.00380000,0.00310000,0.00410000
2003.8084,0.33379207,-0.31648272,-0.01754046,0.00380000,0.00315000,0.00420000
2003.8111,0.33570473,-0.31916305,-0.00527480,0.00390000,0.00310000,0.00420000
2003.8138,0.34305362,-0.31862808,-0.00353315,0.00350000,0.00280000,0.00400000
2003.8166,0.33750181,-0.31694738,-0.00771439,0.00365000,0.00290000,0.00390000
2003.8193,0.34149945,-0.31764693,-0.00460597,0.00370000,0.00300000,0.00400000
2003.8220,0.33999124,-0.31423182,-0.00699527,0.00370000,0.00310000,0.00400000
2003.8248,0.34170013,-0.31649632,-0.00369983,0.00390000,0.00310000,0.00420000
2003.8275,0.34469131,-0.31898938,-0.01137888,0.00415000,0.00355000,0.00455000
2003.8303,0.33604348,-0.32047248,-0.01067218,0.00430000,0.00360000,0.00480000
2003.8330,0.33964828,-0.32167133,-0.01644642,0.00430000,0.00340000,0.00460000
2003.8357,0.33670496,-0.31759262,-0.00869300,0.00370000,0.00320000,0.00420000
2003.8385,0.34093996,-0.32014479,-0.01035506,0.00385000,0.00315000,0.00420000
2003.8412,0.34401888,-0.31880404,-0.00493857,0.00410000,0.00310000,0.00440000
2003.8439,0.34033272,-0.31972426,-0.00321515,0.00370000,0.00310000,0.00400000
2003.8467,0.34622547,-0.31952297,-0.00444980,0.00365000,0.00295000,0.00400000
2003.8494,0.34785280,-0.32040951,-0.01005670,0.00370000,0.00260000,0.00400000
2003.8522,0.34379634,-0.32055779,-0.01262530,0.00355000,0.00280000,0.00380000
2003.8549,0.33806579,-0.31792738,-0.01395293,0.00375000,0.00295000,0.00410000
2003.8576,0.33955345,-0.31701847,-0.00851924,0.00400000,0.00320000,0.00420000
2003.8604,0.33867797,-0.31984570,-0.01161989,0.00395000,0.00305000,0.00415000
2003.8631,0.33701572,-0.31874943,-0.00690962,0.00395000,0.00315000,0.00425000
2003.8658,0.33981304,-0.32238035,-0.01320901,0.00400000,0.00330000,0.00430000
2003.8686,0.34413024,-0.31591070,-0.01651244,0.00400000,0.00330000,0.00430000
2003.8713,0.33982297,-0.31688319,-0.01417476,0.00380000,0.00285000,0.00425000
2003.8741,0.33884315,-0.32375895,-0.02063186,0.00380000,0.00300000,0.00410000
2003.8768,0.33899584,-0.31755434,-0.03027050,0.00390000,0.00320000,0.00420000
2003.8795,0.34062835,-0.32216528,-0.02613993,0.00370000,0.00290000,0.00410000
2003.8823,0.34197614,-0.31512609,-0.02749466,0.00360000,0.00290000,0.00390000
2003.8850,0.33912444,-0.31671120,-0.02972403,0.00360000,0.00290000,0.00395000
2003.8877,0.34752998,-0.31527799,-0.03405688,0.00370000,0.00310000,0.00420000
2003.8905,0.34369322,-0.32249102,-0.02734505,0.00395000,0.00305000,0.00425000
2003.8932,0.34271998,-0.32112783,-0.02659651,0.00400000,0.00320000,0.00430000
2003.8960,0.34191015,-0.32316429,-0.01890932,0.00360000,0.00290000,0.00400000
2003.8987,0.34348838,-0.31540594,-0.02340955,0.00375000,0.00310000,0.00400000
2003.9014,0.34637091,-0.31432144,-0.02550575,0.00385000,0.00335000,0.00405000
2003.9042,0.34585252,-0.32191278,-0.02322885,0.00385000,0.00310000,0.00410000
2003.9069,0.34194274,-0.32486877,-0.02001800,0.00350000,0.00270000,0.00380000
2003.9097,0.34402519,-0.32668161,-0.02828805,0.00375000,0.00300000,0.00410000
2003.9124,0.34414268,-0.32060123,-0.01677162,0.00400000,0.00320000,0.00430000
2003.9151,0.33844262,-0.32498540,-0.01902227,0.00380000,0.00285000,0.00415000
2003.9179,0.34453435,-0.32166310,-0.02167929,0.00395000,0.00320000,0.00440000
2003.9206,0.34523354,-0.32232039,-0.01777587,0.00400000,0.00340000,0.00430000
2003.9233,0.33948038,-0.32322236,-0.01347226,0.00370000,0.00290000,0.00410000
2003.9261,0.34856217,-0.31915115,-0.02164787,0.00365000,0.00290000,0.00405000
2003.9288,0.34229634,-0.32161643,-0.02473373,0.00385000,0.00310000,0.00430000
2003.9316,0.34171657,-0.31970440,-0.02302116,0.00430000,0.00310000,0.00460000
2003.9343,0.34786663,-0.32035795,-0.02786415,0.00430000,0.00320000,0.00470000
2003.9370,0.34486902,-0.32071562,-0.02215078,0.00405000,0.00300000,0.00430000
2003.9398,0.34340683,-0.32314525,-0.02114408,0.00350000,0.00295000,0.00390000
2003.9425,0.34243865,-0.32211269,-0.02397713,0.00390000,0.00310000,0.00440000
2003.9452,0.34640781,-0.32368251,-0.03241367,0.00415000,0.00335000,0.00460000
2003.9480,0.34870255,-0.32135643,-0.02388099,0.00380000,0.00310000,0.00440000
2003.9507,0.34282848,-0.31900231,-0.01456052,0.00375000,0.00290000,0.00400000
2003.9535,0.34274511,-0.31839420,-0.01305192,0.00395000,0.00315000,0.00430000
2003.9562,0.34632649,-0.31945756,-0.02186137,0.00370000,0.00300000,0.00400000
2003.9589,0.34387074,-0.32126934,-0.01776960,0.00345000,0.00280000,0.00370000
2003.9617,0.34532477,-0.32188005,-0.01904849,0.00350000,0.00290000,0.00390000
2003.9644,0.33768044,-0.31978513,-0.01773571,0.00360000,0.00315000,0.00380000
2003.9671,0.34445089,-0.32052133,-0.01447108,0.00360000,0.00295000,0.00385000
2003.9699,0.34667715,-0.32059327,-0.01622429,0.00440000,0.00370000,0.00460000
2003.9726,0.34358279,-0.31802941,-0.02113895,0.00430000,0.00330000,0.00450000
2003.9754,0.34497928,-0.32234377,-0.01402695,0.00355000,0.00295000,0.00380000
2003.9781,0.34373085,-0.32776041,-0.00068331,0.00375000,0.00300000,0.00420000
2003.9808,0.34342746,-0.31912003,-0.01039840,0.00405000,0.00340000,0.00435000
2003.9836,0.33581447,-0.32098028,-0.01397601,0.00420000,0.00330000,0.00440000
2003.9863,0.34038379,-0.31918089,-0.01396598,0.00410000,0.00350000,0.00445000
2003.9890,0.34251704,-0.32278511,-0.01225426,0.00390000,0.00320000,0.00410000
2003.9918,0.34222316,-0.32185684,-0.01275137,0.00360000,0.00290000,0.00390000
2003.9945,0.34063427,-0.32277485,-0.01070242,0.00380000,0.00310000,0.00410000
2003.9973,0.34125899,-0.32471346,-0.00668458,0.00380000,0.00300000,0.00410000
2004.0000,0.34577120,-0.32391642,-0.01537668,0.00380000,0.00300000,0.00405000
2004.0027,0.34222050,-0.32312308,-0.02386669,0.00370000,0.00295000,0.00415000
2004.0055,0.34410089,-0.32572749,-0.01327511,0.00380000,0.00300000,0.00430000
2004.0082,0.34655706,-0.32513583,-0.02610141,0.00370000,0.00330000,0.00420000
2004.0110,0.34608271,-0.32363544,-0.02542800,0.00340000,0.00290000,0.00370000
2004.0137,0.34637585,-0.32229266,-0.01906469,0.00350000,0.00265000,0.00400000
2004.0164,0.34413647,-0.32490125,-0.02213862,0.00360000,0.00310000,0.00390000
2004.0192,0.34220371,-0.32589488,-0.01508543,0.00410000,0.00320000,0.00440000
2004.0219,0.35020947,-0.32472255,-0.01863153,0.00380000,0.00280000,0.00410000
2004.0246,0.34884724,-0.32657052,-0.01855978,0.00350000,0.00280000,0.00390000
2004.0274,0.35344970,-0.32228092,-0.02257057,0.00360000,0.00280000,0.00390000
2004.0301,0.34626262,-0.32518282,-0.02136311,0.00350000,0.00270000,0.00370000
2004.0329,0.35137816,-0.32789087,-0.01280295,0.00350000,0.00270000,0.00380000
2004.0356,0.34480435,-0.32600404,-0.02108590,0.00345000,0.00270000,0.00370000
2004.0383,0.35155820,-0.31896104,-0.01701509,0.00355000,0.00295000,0.00385000
2004.0411,0.34633319,-0.32414799,-0.01333419,0.00350000,0.00290000,0.00370000
2004.0438,0.34645127,-0.32592155,-0.01504405,0.00360000,0.00290000,0.00400000
2004.0465,0.34582115,-0.32423716,-0.01858814,0.00340000,0.00270000,0.00380000
2004.0493,0.34734525,-0.32146107,-0.00623534,0.00355000,0.00275000,0.00390000
2004.0520,0.34580577,-0.32730366,-0.00911077,0.00350000,0.00280000,0.00380000
2004.0548,0.34856099,-0.32498129,-0.00948511,0.00370000,0.00270000,0.00390000
2004.0575,0.35043779,-0.32591108,-0.02337823,0.00350000,0.00280000,0.00370000
2004.0602,0.34922370,-0.32357266,-0.01682969,0.00400000,0.00290000,0.00420000
2004.0630,0.34528855,-0.32733953,-0.02030370,0.00370000,0.00300000,0.00410000
2004.0657,0.34456944,-0.32361961,-0.01978740,0.00380000,0.00280000,0.00410000
2004.0684,0.34656434,-0.32414576,-0.02758545,0.00360000,0.00280000,0.00370000
2004.0712,0.34780409,-0.32731378,-0.02335882,0.00340000,0.00270000,0.00390000
2004.0739,0.35213382,-0.33015942,-0.01699837,0.00340000,0.00280000,0.00390000
2004.0767,0.34514845,-0.32893857,-0.00579262,0.00390000,0.00310000,0.00405000
2004.0794,0.34482822,-0.32805198,-0.00734276,0.00360000,0.00290000,0.00385000
2004.0821,0.34584312,-0.33085449,-0.01627742,0.00365000,0.00290000,0.00395000
2004.0849,0.35229907,-0.32876663,-0.02695911,0.00400000,0.00290000,0.00410000
2004.0876,0.34705865,-0.33256553,-0.01544836,0.00360000,0.00260000,0.00390000
2004.0903,0.35108189,-0.32638185,-0.02687313,0.00350000,0.00260000,0.00380000
2004.0931,0.34645089,-0.32553620,-0.03990112,0.00390000,0.00295000,0.00440000
2004.0958,0.34913527,-0.32633540,-0.02171918,0.00360000,0.00295000,0.00390000
2004.0986,0.34723684,-0.32804227,-0.01626596,0.00370000,0.00280000,0.00390000
2004.1013,0.35285542,-0.32781037,-0.02166276,0.00360000,0.00290000,0.00390000
2004.1040,0.35026852,-0.32753312,-0.01560968,0.00370000,0.00300000,0.00410000
2004.1068,0.34294411,-0.32818527,-0.02066356,0.00350000,0.00270000,0.00380000
2004.1095,0.34742270,-0.32738025,-0.02189765,0.00340000,0.00260000,0.00370000
2004.1123,0.34982357,-0.32925646,-0.02178758,0.00350000,0.00290000,0.00380000
2004.1150,0.34943936,-0.33372367,-0.02852649,0.00350000,0.00260000,0.00380000
2004.1177,0.34492309,-0.32757042,-0.03312915,0.00340000,0.00280000,0.00380000
2004.1232,0.35457460,-0.32862833,-0.02111562,0.00355000,0.00285000,0.00395000
2004.1259,0.35117563,-0.32894831,-0.02491600,0.00360000,0.00260000,0.00390000
2004.1287,0.34814596,-0.32714879,-0.03381602,0.00390000,0.00295000,0.00415000
2004.1314,0.35013691,-0.32688868,-0.02225479,0.00390000,0.00290000,0.00420000
2004.1342,0.34698592,-0.32423662,-0.01784877,0.00435000,0.00330000,0.00460000
2004.1369,0.35039912,-0.32357142,-0.02180915,0.00420000,0.00300000,0.00430000
2004.1396,0.34963136,-0.32372338,-0.02468852,0.00370000,0.00300000,0.00410000
2004.1424,0.34616394,-0.32729218,-0.02233911,0.00345000,0.00280000,0.00380000
2004.1451,0.35077578,-0.32710578,-0.01884292,0.00405000,0.00300000,0.00440000
2004.1478,0.34905170,-0.32894784,-0.02188958,0.00380000,0.00285000,0.00415000
2004.1506,0.34497600,-0.32674491,-0.01612749,0.00370000,0.00305000,0.00415000
2004.1533,0.35347081,-0.32441491,-0.02634230,0.00380000,0.00290000,0.00400000
2004.1561,0.35224039,-0.32806828,-0.02787620,0.00425000,0.00320000,0.00445000
2004.1588,0.35220519,-0.32356458,-0.02647347,0.00390000,0.00310000,0.00430000
2004.1615,0.35200904,-0.32781364,-0.02589812,0.00370000,0.00300000,0.00390000
2004.1643,0.35216517,-0.32558311,-0.02423418,0.00380000,0.00270000,0.00380000
2004.1670,0.35224246,-0.32784364,-0.03273024,0.00360000,0.00280000,0.00400000
2004.1697,0.34804526,-0.32890269,-0.03457863,0.00370000,0.00330000,0.00420000
2004.1725,0.34889250,-0.33273679,-0.02724834,0.00410000,0.00330000,0.00430000
2004.1752,0.34758999,-0.33313461,-0.02320351,0.00375000,0.00290000,0.00395000
2004.1807,0.35338723,-0.33368317,-0.02686327,0.00375000,0.00305000,0.00395000
2004.1834,0.35009285,-0.32882529,-0.02622987,0.00385000,0.00300000,0.00410000
2004.1862,0.35329181,-0.32729260,-0.03304046,0.00380000,0.00290000,0.00400000
2004.1889,0.35581382,-0.32903610,-0.03107236,0.00390000,0.00310000,0.00420000
2004.1916,0.34736318,-0.32865170,-0.02576700,0.00380000,0.00305000,0.00415000
2004.1944,0.34723550,-0.33072644,-0.03316759,0.00380000,0.00300000,0.00430000
2004.1971,0.34505068,-0.32993100,-0.03000535,0.00370000,0.00280000,0.00400000
2004.1999,0.34838093,-0.32818257,-0.01753796,0.00400000,0.00290000,0.00420000
2004.2026,0.34709213,-0.32609141,-0.02798191,0.00385000,0.00295000,0.00400000
2004.2053,0.35153760,-0.32563863,-0.02573886,0.00350000,0.00280000,0.00390000
2004.2081,0.35246927,-0.32970199,-0.02717331,0.00395000,0.00290000,0.00405000
2004.2108,0.35405940,-0.32792019,-0.03055470,0.00400000,0.00290000,0.00410000
2004.2136,0.35575865,-0.32681927,-0.03225565,0.00420000,0.00320000,0.00440000
2004.2163,0.35049059,-0.32709598,-0.01396423,0.00380000,0.00290000,0.00400000
2004.2190,0.35573311,-0.32463898,-0.01162742,0.00405000,0.00280000,0.00420000
2004.2218,0.36304612,-0.32921496,-0.01488920,0.00400000,0.00305000,0.00430000
2004.2245,0.35172793,-0.32292125,-0.01798218,0.00420000,0.00330000,0.00440000
2004.2272,0.34853771,-0.32834405,-0.02211425,0.00420000,0.00310000,0.00440000
2004.2300,0.35078248,-0.32854579,-0.01625855,0.00410000,0.00320000,0.00440000
2004.2327,0.35443174,-0.32564188,-0.03013796,0.00380000,0.00300000,0.00430000
2004.2355,0.35217426,-0.33316722,-0.02466686,0.00420000,0.00290000,0.00440000
2004.2382,0.35676728,-0.32837267,-0.00999565,0.00390000,0.00310000,0.00420000
2004.2409,0.35159679,-0.32588381,-0.01810319,0.00370000,0.00280000,0.00420000
2004.2437,0.34892791,-0.33174265,-0.01884690,0.00370000,0.00285000,0.00400000
2004.2464,0.35185691,-0.33279538,-0.02248537,0.00390000,0.00305000,0.00415000
2004.2491,0.35721449,-0.32812126,-0.01506729,0.00375000,0.00285000,0.00410000
2004.2519,0.35283075,-0.33081861,-0.02570075,0.00350000,0.00290000,0.00390000
2004.2546,0.35302626,-0.32798790,-0.02774613,0.00380000,0.00320000,0.00400000
2004.2574,0.36125159,-0.32553967,-0.02738767,0.00350000,0.00270000,0.00400000
2004.2601,0.35556033,-0.32881914,-0.01933029,0.00385000,0.00290000,0.00420000
2004.2628,0.35591927,-0.32670265,-0.02704216,0.00370000,0.00280000,0.00420000
2004.2656,0.35176133,-0.32948822,-0.02589801,0.00380000,0.00290000,0.00420000
2004.2683,0.35156107,-0.32790774,-0.02418542,0.00400000,0.00305000,0.00430000
2004.2710,0.35573677,-0.33306887,-0.01871482,0.00340000,0.00280000,0.00390000
2004.2738,0.35570876,-0.32890391,-0.01249498,0.00390000,0.00300000,0.00420000
2004.2765,0.35690469,-0.32976345,-0.01157456,0.00400000,0.00330000,0.00430000
2004.2793,0.35379292,-0.32894181,-0.01261336,0.00390000,0.00330000,0.00420000
2004.2820,0.36121629,-0.32526734,-0.02179498,0.00370000,0.00290000,0.00390000
2004.2847,0.35369292,-0.32937242,-0.02186143,0.00360000,0.00300000,0.00420000
2004.2875,0.35917086,-0.32758239,-0.02530615,0.00385000,0.00285000,0.00425000
2004.2902,0.35615992,-0.33316640,-0.01881893,0.00395000,0.00295000,0.00430000
2004.2930,0.35369063,-0.32989113,-0.02058327,0.00400000,0.00340000,0.00430000
2004.2957,0.35647300,-0.32768660,-0.02090961,0.00415000,0.00325000,0.00440000
2004.2984,0.35401893,-0.32954137,-0.02213500,0.00400000,0.00290000,0.00420000
2004.3012,0.35593082,-0.32685846,-0.01926504,0.00380000,0.00305000,0.00415000
2004.3039,0.35376540,-0.33435769,-0.01870624,0.00375000,0.00300000,0.00415000
2004.3066,0.35397630,-0.32832551,-0.01511804,0.00410000,0.00310000,0.00430000
2004.3094,0.35278542,-0.32736016,-0.01724262,0.00380000,0.00310000,0.00410000
2004.3121,0.35664874,-0.32782172,-0.02240302,0.00400000,0.00310000,0.00430000
2004.3149,0.35588579,-0.32933532,-0.01927215,0.00370000,0.00280000,0.00390000
2004.3176,0.35381479,-0.32908193,-0.01931180,0.00370000,0.00260000,0.00400000
2004.3203,0.35212377,-0.33305168,-0.02659248,0.00370000,0.00270000,0.00400000
2004.3231,0.35329988,-0.32609619,-0.02478360,0.00390000,0.00305000,0.00420000
2004.3258,0.35629749,-0.33209691,-0.02434202,0.00390000,0.00290000,0.00440000
2004.3285,0.35498929,-0.33037506,-0.02918846,0.00400000,0.00310000,0.00430000
2004.3313,0.35859528,-0.33127224,-0.03019311,0.00350000,0.00280000,0.00370000
2004.3340,0.35730852,-0.33360311,-0.02779487,0.00380000,0.00310000,0.00400000
2004.3368,0.35583171,-0.32991022,-0.02900030,0.00385000,0.00310000,0.00410000
2004.3395,0.35886078,-0.33081971,-0.03192535,0.00360000,0.00290000,0.00410000
2004.3422,0.35923133,-0.33449432,-0.02364499,0.00380000,0.00280000,0.00420000
2004.3450,0.35500063,-0.33241582,-0.02748357,0.00380000,0.00280000,0.00420000
2004.3477,0.35108129,-0.32791910,-0.02923568,0.00400000,0.00310000,0.00420000
2004.3504,0.35719203,-0.33463733,-0.02637065,0.00430000,0.00350000,0.00460000
2004.3532,0.35536775,-0.33435239,-0.01572519,0.00400000,0.00330000,0.00430000
2004.3559,0.35981467,-0.33620870,-0.02382481,0.00380000,0.00290000,0.00415000
2004.3587,0.35318822,-0.33483230,-0.02571714,0.00410000,0.00320000,0.00440000
2004.3614,0.35627795,-0.33222053,-0.03107973,0.00390000,0.00320000,0.00440000
2004.3641,0.35880842,-0.32915640,-0.02214376,0.00390000,0.00320000,0.00420000
2004.3669,0.35681755,-0.33555237,-0.02186930,0.00370000,0.00280000,0.00400000
2004.3696,0.35527876,-0.33416470,-0.02570235,0.00375000,0.00295000,0.00420000
2004.3723,0.35317015,-0.33537426,-0.03476980,0.00390000,0.00300000,0.00420000
2004.3751,0.36043961,-0.33212454,-0.03435434,0.00415000,0.00340000,0.00450000
2004.3778,0.35418785,-0.33464240,-0.02432662,0.00400000,0.00315000,0.00450000
2004.3806,0.35805203,-0.33620499,-0.01315560,0.00390000,0.00310000,0.00400000
2004.3833,0.35615713,-0.33251787,-0.02501395,0.00410000,0.00320000,0.00430000
2004.3860,0.36313378,-0.33389975,-0.02546368,0.00400000,0.00300000,0.00430000
2004.3888,0.36378915,-0.33220781,-0.03207225,0.00395000,0.00320000,0.00425000
2004.3915,0.35649123,-0.33525921,-0.02444570,0.00390000,0.00330000,0.00420000
2004.3943,0.35886676,-0.33532930,-0.02728487,0.00360000,0.00300000,0.00410000
2004.3970,0.35968046,-0.33530806,-0.03176680,0.00370000,0.00300000,0.00410000
2004.3997,0.35930360,-0.33665850,-0.02697566,0.00390000,0.00305000,0.00425000
2004.4025,0.36079878,-0.33724626,-0.01944306,0.00370000,0.00300000,0.00420000
2004.4052,0.36178947,-0.33850172,-0.02318721,0.00395000,0.00320000,0.00415000
2004.4079,0.35723447,-0.33045907,-0.02296995,0.00425000,0.00365000,0.00470000
2004.4107,0.36679175,-0.33694246,-0.02548018,0.00390000,0.00330000,0.00440000
2004.4134,0.36243948,-0.33297070,-0.02645590,0.00375000,0.00315000,0.00395000
2004.4162,0.36446673,-0.33135555,-0.03585620,0.00350000,0.00300000,0.00410000
2004.4189,0.36148824,-0.33256948,-0.03140605,0.00350000,0.00300000,0.00410000
2004.4216,0.36039679,-0.32915210,-0.03295568,0.00360000,0.00300000,0.00390000
2004.4244,0.36340458,-0.33409252,-0.02509627,0.00370000,0.00320000,0.00420000
2004.4271,0.36267633,-0.33200425,-0.02004380,0.00390000,0.00330000,0.00430000
2004.4298,0.36086691,-0.33617153,-0.02500910,0.00390000,0.00340000,0.00440000
2004.4326,0.36292382,-0.33369262,-0.01556166,0.00390000,0.00315000,0.00425000
2004.4353,0.36329552,-0.33729275,-0.01624191,0.00380000,0.00300000,0.00420000
2004.4381,0.36408048,-0.33458136,-0.01846702,0.00400000,0.00320000,0.00430000
2004.4408,0.36124537,-0.33364150,-0.00609109,0.00420000,0.00340000,0.00450000
2004.4435,0.36188462,-0.33181632,-0.01807962,0.00410000,0.00320000,0.00440000
2004.4463,0.36186350,-0.33127360,-0.01656446,0.00390000,0.00310000,0.00420000
2004.4490,0.35971373,-0.33597011,-0.01836260,0.00390000,0.00290000,0.00420000
2004.4517,0.35972636,-0.33199541,-0.02271507,0.00390000,0.00300000,0.00410000
2004.4545,0.35972341,-0.33354404,-0.01086838,0.00395000,0.00320000,0.00430000
2004.4572,0.35694474,-0.33549401,-0.01595701,0.00415000,0.00350000,0.00450000
2004.4600,0.36183288,-0.33044155,-0.01351258,0.00400000,0.00300000,0.00420000
2004.4627,0.35985671,-0.33709987,-0.02097847,0.00400000,0.00340000,0.00445000
2004.4654,0.36250638,-0.33322565,-0.02070221,0.00400000,0.00320000,0.00420000
2004.4682,0.36271575,-0.33528445,-0.02077190,0.00390000,0.00320000,0.00420000
2004.4709,0.35851705,-0.33590236,-0.03141448,0.00380000,0.00330000,0.00410000
2004.4736,0.36014445,-0.33537641,-0.02159522,0.00410000,0.00300000,0.00440000
2004.4764,0.35753215,-0.33827061,-0.03046834,0.00390000,0.00300000,0.00430000
2004.4791,0.36064772,-0.33632989,-0.03097557,0.00390000,0.00290000,0.00420000
2004.4819,0.35932223,-0.33723973,-0.03556403,0.00400000,0.00300000,0.00430000
2004.4846,0.35554097,-0.33451417,-0.03734694,0.00405000,0.00340000,0.00450000
2004.4873,0.35338547,-0.33415080,-0.03240957,0.00420000,0.00350000,0.00460000
2004.4901,0.35653833,-0.33807142,-0.03255092,0.00420000,0.00330000,0.00450000
2004.4928,0.36119931,-0.34193846,-0.02951687,0.00410000,0.00320000,0.00440000
2004.4956,0.36380485,-0.33703793,-0.02301413,0.00410000,0.00340000,0.00440000
2004.4983,0.36263950,-0.33743352,-0.02576455,0.00400000,0.00340000,0.00430000
2004.5010,0.35871942,-0.33745599,-0.02837380,0.00395000,0.00335000,0.00445000
2004.5038,0.36220903,-0.33346043,-0.02099536,0.00420000,0.00330000,0.00450000
2004.5065,0.36093127,-0.33761727,-0.02347929,0.00410000,0.00330000,0.00440000
2004.5092,0.36126247,-0.33348426,-0.02125958,0.00420000,0.00330000,0.00440000
2004.5120,0.36014790,-0.33938770,-0.03429958,0.00400000,0.00315000,0.00445000
2004.5147,0.35971737,-0.34070978,-0.03025884,0.00400000,0.00350000,0.00450000
2004.5175,0.36151641,-0.33529110,-0.03229798,0.00430000,0.00350000,0.00460000
2004.5202,0.35919161,-0.33423468,-0.03542825,0.00430000,0.00340000,0.00460000
2004.5229,0.35993869,-0.33911313,-0.03168419,0.00410000,0.00320000,0.00440000
2004.5257,0.36252720,-0.33948606,-0.02902399,0.00420000,0.00360000,0.00460000
2004.5284,0.35918411,-0.33649129,-0.01491574,0.00400000,0.00320000,0.00430000
2004.5311,0.35485635,-0.33543525,-0.02070150,0.00390000,0.00310000,0.00425000
2004.5339,0.35422377,-0.33591799,-0.02316218,0.00400000,0.00330000,0.00450000
2004.5366,0.35340632,-0.33545814,-0.01953370,0.00400000,0.00340000,0.00450000
2004.5394,0.35798663,-0.33701394,-0.01264516,0.00420000,0.00340000,0.00450000
2004.5448,0.35896155,-0.33834981,-0.02510209,0.00415000,0.00305000,0.00455000
2004.5476,0.36019696,-0.33728903,-0.03298361,0.00410000,0.00330000,0.00440000
2004.5503,0.35818008,-0.33882241,-0.01936211,0.00425000,0.00355000,0.00455000
2004.5530,0.35803065,-0.34000082,-0.02921675,0.00415000,0.00320000,0.00450000
2004.5558,0.35440884,-0.33918503,-0.03253386,0.00395000,0.00310000,0.00435000
2004.5585,0.35683027,-0.33754798,-0.02465568,0.00390000,0.00335000,0.00440000
2004.5613,0.35717270,-0.33321007,-0.03303580,0.00380000,0.00330000,0.00420000
2004.5640,0.35466462,-0.33615476,-0.03467185,0.00400000,0.00320000,0.00430000
2004.5667,0.35529829,-0.33873440,-0.02600317,0.00405000,0.00345000,0.00455000
2004.5695,0.35470746,-0.34204429,-0.02611567,0.00405000,0.00335000,0.00455000
2004.5722,0.35788457,-0.33437710,-0.01930449,0.00400000,0.00340000,0.00440000
2004.5749,0.36174189,-0.33974719,-0.01393859,0.00410000,0.00325000,0.00440000
2004.5777,0.36178564,-0.33770202,-0.02054980,0.00390000,0.00300000,0.00430000
2004.5804,0.35959156,-0.34558933,-0.01276477,0.00360000,0.00305000,0.00420000
2004.5832,0.35487606,-0.34459424,-0.01403782,0.00400000,0.00320000,0.00460000
2004.5859,0.36150928,-0.33927029,-0.02000179,0.00450000,0.00365000,0.00470000
2004.5886,0.35745430,-0.33971794,-0.02190916,0.00435000,0.00355000,0.00455000
2004.5914,0.36113869,-0.33892978,-0.01719304,0.00425000,0.00330000,0.00435000
2004.5941,0.36427744,-0.33861247,-0.01979736,0.00400000,0.00320000,0.00430000
2004.5969,0.36199553,-0.34169067,-0.02513971,0.00410000,0.00300000,0.00465000
2004.5996,0.36155244,-0.34194316,-0.02219714,0.00400000,0.00340000,0.00435000
2004.6023,0.35710722,-0.33916594,-0.02495221,0.00415000,0.00320000,0.00435000
2004.6051,0.35988765,-0.34540436,-0.01909310,0.00385000,0.00305000,0.00430000
2004.6078,0.35728187,-0.34308514,-0.01563973,0.00400000,0.00300000,0.00430000
2004.6105,0.35569493,-0.34041286,-0.01764079,0.00380000,0.00310000,0.00430000
2004.6133,0.35516585,-0.34739581,-0.01667102,0.00385000,0.00300000,0.00420000
2004.6160,0.35752149,-0.34113684,-0.02513986,0.00370000,0.00320000,0.00420000
2004.6188,0.35688972,-0.33935347,-0.02033092,0.00420000,0.00330000,0.00460000
2004.6215,0.35840914,-0.34078498,-0.02231983,0.00400000,0.00335000,0.00445000
2004.6242,0.36241860,-0.34090877,-0.01832402,0.00440000,0.00330000,0.00470000
2004.6270,0.36166710,-0.34053597,-0.01601645,0.00430000,0.00340000,0.00470000
2004.6297,0.36031995,-0.34464554,-0.01346382,0.00440000,0.00340000,0.00480000
2004.6324,0.36343180,-0.34177134,-0.01224488,0.00430000,0.00310000,0.00460000
2004.6352,0.36189434,-0.34474884,-0.01208478,0.00420000,0.00320000,0.00460000
2004.6379,0.35885050,-0.34388702,-0.01388400,0.00420000,0.00315000,0.00450000
2004.6407,0.36103654,-0.34288737,-0.01466736,0.00420000,0.00340000,0.00460000
2004.6434,0.36130975,-0.34292561,-0.02308511,0.00410000,0.00330000,0.00440000
2004.6461,0.36138889,-0.34180568,-0.02195897,0.00395000,0.00300000,0.00420000
2004.6489,0.35912608,-0.34224425,-0.01893169,0.00425000,0.00310000,0.00455000
2004.6516,0.36379963,-0.34407555,-0.01634888,0.00420000,0.00310000,0.00450000
2004.6543,0.35832127,-0.34206408,-0.00660519,0.00380000,0.00300000,0.00430000
2004.6571,0.36137647,-0.34074381,-0.00765889,0.00385000,0.00300000,0.00425000
2004.6598,0.36233367,-0.34249811,-0.01735454,0.00395000,0.00295000,0.00420000
2004.6626,0.36060704,-0.33982572,-0.02356341,0.00395000,0.00290000,0.00435000
2004.6653,0.36240793,-0.34038717,-0.02260004,0.00410000,0.00305000,0.00440000
2004.6680,0.36579172,-0.34190834,-0.02100535,0.00390000,0.00300000,0.00440000
2004.6735,0.36034296,-0.33913955,-0.01847294,0.00395000,0.00300000,0.00425000
2004.6762,0.35963069,-0.33984803,-0.02374444,0.00400000,0.00310000,0.00430000
2004.6845,0.35842423,-0.33923241,-0.02122097,0.00375000,0.00305000,0.00415000
2004.7173,0.35930684,-0.33929825,-0.02131800,0.00415000,0.00340000,0.00445000
2004.7201,0.36499806,-0.33315109,-0.02682841,0.00445000,0.00290000,0.00470000
2004.7337,0.36400973,-0.33579220,-0.02698822,0.00370000,0.00270000,0.00390000
2004.7365,0.36540799,-0.33881544,-0.02367538,0.00380000,0.00290000,0.00400000
2004.7392,0.36949533,-0.34102128,-0.02823963,0.00370000,0.00290000,0.00410000
2004.7420,0.36382866,-0.33906648,-0.01809504,0.00375000,0.00280000,0.00410000
2004.7447,0.36810028,-0.33817160,-0.01634487,0.00385000,0.00330000,0.00420000
2004.7474,0.36430602,-0.33496057,-0.03264840,0.00380000,0.00290000,0.00420000
2004.7502,0.36746422,-0.33686902,-0.03625245,0.00380000,0.00300000,0.00410000
2004.7529,0.36361596,-0.33525604,-0.03539448,0.00365000,0.00290000,0.00410000
2004.7556,0.36605962,-0.34029614,-0.03347804,0.00370000,0.00280000,0.00400000
2004.7584,0.36731511,-0.33675080,-0.03163126,0.00360000,0.00290000,0.00405000
2004.7611,0.36485460,-0.34165258,-0.03305084,0.00385000,0.00310000,0.00415000
2004.7639,0.36742336,-0.33709278,-0.03033915,0.00380000,0.00330000,0.00420000
2004.7666,0.36706400,-0.34081620,-0.02281577,0.00400000,0.00325000,0.00435000
2004.7693,0.36210638,-0.33925993,-0.02999064,0.00380000,0.00295000,0.00410000
2004.7721,0.36463261,-0.33939332,-0.02521522,0.00390000,0.00315000,0.00420000
2004.7748,0.37310271,-0.33822213,-0.02698590,0.00400000,0.00310000,0.00430000
2004.7775,0.36987438,-0.34510695,-0.02825248,0.00380000,0.00310000,0.00415000
2004.7803,0.36637471,-0.34062945,-0.03485454,0.00365000,0.00290000,0.00400000
2004.7830,0.36360583,-0.33668172,-0.03337392,0.00370000,0.00310000,0.00430000
2004.7858,0.37174233,-0.33768788,-0.02924331,0.00365000,0.00295000,0.00400000
2004.7885,0.36642275,-0.33635890,-0.03088975,0.00340000,0.00285000,0.00395000
2004.7912,0.36682716,-0.33665243,-0.02483348,0.00355000,0.00275000,0.00390000
2004.7940,0.36845409,-0.33931962,-0.03025741,0.00365000,0.00300000,0.00400000
2004.7967,0.37030131,-0.33757374,-0.02361857,0.00410000,0.00340000,0.00460000
2004.7995,0.36551664,-0.33670439,-0.02504885,0.00390000,0.00300000,0.00430000
2004.8022,0.36492904,-0.33927627,-0.02655392,0.00390000,0.00310000,0.00445000
2004.8049,0.36631228,-0.33651756,-0.02930884,0.00435000,0.00340000,0.00465000
2004.8077,0.37078142,-0.33871766,-0.02537230,0.00410000,0.00310000,0.00440000
2004.8104,0.36839609,-0.33638441,-0.02585413,0.00365000,0.00280000,0.00410000
2004.8131,0.36540649,-0.33922181,-0.02813680,0.00345000,0.00270000,0.00375000
2004.8159,0.36753778,-0.34095454,-0.02859149,0.00370000,0.00260000,0.00410000
2004.8186,0.36690470,-0.34141086,-0.02369024,0.00365000,0.00280000,0.00385000
2004.8214,0.36942935,-0.33884272,-0.03284869,0.00345000,0.00285000,0.00415000
2004.8241,0.36993667,-0.34166889,-0.02175155,0.00375000,0.00310000,0.00410000
2004.8268,0.36896638,-0.33915809,-0.01763044,0.00410000,0.00340000,0.00420000
2004.8296,0.36625242,-0.33769412,-0.01741974,0.00385000,0.00300000,0.00410000
2004.8323,0.36956646,-0.33807135,-0.02366258,0.00400000,0.00320000,0.00420000
2004.8350,0.36667117,-0.33924451,-0.02430284,0.00350000,0.00290000,0.00400000
2004.8378,0.36374490,-0.34483106,-0.01691234,0.00370000,0.00280000,0.00400000
2004.8405,0.36545103,-0.34248336,-0.01945117,0.00360000,0.00280000,0.00390000
2004.8433,0.36727465,-0.34145992,-0.01900717,0.00340000,0.00270000,0.00395000
2004.8460,0.36228025,-0.33372251,-0.01990675,0.00350000,0.00280000,0.00420000
2004.8487,0.36911384,-0.34305152,-0.02486091,0.00390000,0.00315000,0.00420000
2004.8515,0.36523428,-0.34388577,-0.02600440,0.00375000,0.00290000,0.00405000
2004.8542,0.36731002,-0.34276769,-0.02157619,0.00380000,0.00315000,0.00415000
2004.8569,0.37292351,-0.34568436,-0.02662198,0.00410000,0.00310000,0.00430000
2004.8597,0.36900603,-0.34597512,-0.02807863,0.00375000,0.00280000,0.00410000
2004.8624,0.37095069,-0.34506772,-0.01976129,0.00380000,0.00280000,0.00420000
2004.8652,0.36991308,-0.34393188,-0.02404700,0.00340000,0.00260000,0.00420000
2004.8679,0.36872225,-0.34287621,-0.02150713,0.00360000,0.00295000,0.00410000
2004.8706,0.37138696,-0.34057483,-0.01553011,0.00360000,0.00290000,0.00400000
2004.8734,0.36958499,-0.34579642,-0.01846156,0.00380000,0.00300000,0.00400000
2004.8761,0.37224721,-0.34536826,-0.01835692,0.00390000,0.00300000,0.00410000
2004.8789,0.37040776,-0.34388373,-0.02048048,0.00350000,0.00260000,0.00380000
2004.8816,0.37152683,-0.34200301,-0.01175913,0.00330000,0.00260000,0.00380000
2004.8843,0.36768056,-0.34411250,-0.01818073,0.00360000,0.00270000,0.00390000
2004.8871,0.36864964,-0.34367524,-0.02705088,0.00350000,0.00280000,0.00400000
2004.8898,0.37271119,-0.33991744,-0.01668435,0.00330000,0.00260000,0.00370000
2004.8925,0.37090308,-0.34283167,-0.01451657,0.00380000,0.00280000,0.00415000
2004.8953,0.37172881,-0.34544934,-0.01329341,0.00335000,0.00260000,0.00375000
2004.8980,0.37352201,-0.34613129,-0.02702006,0.00350000,0.00260000,0.00375000
2004.9008,0.36986969,-0.34273638,-0.02183982,0.00340000,0.00260000,0.00385000
2004.9035,0.37300565,-0.34441251,-0.01810408,0.00350000,0.00260000,0.00390000
2004.9062,0.37224425,-0.34505111,-0.02304670,0.00350000,0.00270000,0.00385000
2004.9090,0.37757569,-0.34256366,-0.02394084,0.00395000,0.00290000,0.00415000
2004.9117,0.37167601,-0.34445785,-0.02538928,0.00345000,0.00290000,0.00395000
2004.9144,0.37232059,-0.34438223,-0.02761494,0.00350000,0.00270000,0.00370000
2004.9172,0.37070374,-0.34239312,-0.02875914,0.00320000,0.00230000,0.00360000
2004.9199,0.36975392,-0.34232433,-0.03114416,0.00350000,0.00280000,0.00380000
2004.9227,0.37175544,-0.34509498,-0.02217508,0.00330000,0.00260000,0.00360000
2004.9254,0.37159556,-0.34899017,-0.02233610,0.00330000,0.00255000,0.00350000
2004.9281,0.36825724,-0.34079361,-0.02257090,0.00345000,0.00260000,0.00375000
2004.9309,0.37073418,-0.34866974,-0.01619081,0.00365000,0.00290000,0.00395000
2004.9336,0.36759229,-0.34392011,-0.02446980,0.00345000,0.00255000,0.00375000
2004.9363,0.37290985,-0.34100491,-0.02428730,0.00370000,0.00280000,0.00410000
2004.9391,0.37241163,-0.34280308,-0.02938893,0.00385000,0.00285000,0.00420000
2004.9418,0.36872707,-0.34486004,-0.02644378,0.00370000,0.00290000,0.00390000
2004.9446,0.37372051,-0.34342154,-0.03029640,0.00360000,0.00260000,0.00380000
2004.9473,0.37284641,-0.34452529,-0.02528511,0.00350000,0.00270000,0.00370000
2004.9500,0.37271387,-0.34394330,-0.02654057,0.00360000,0.00275000,0.00390000
2004.9528,0.37470465,-0.34499212,-0.02557474,0.00360000,0.00270000,0.00380000
2004.9555,0.37327772,-0.34271789,-0.03470790,0.00360000,0.00250000,0.00380000
2004.9582,0.37497556,-0.33712355,-0.01851909,0.00340000,0.00250000,0.00370000
2004.9610,0.37666109,-0.34199675,-0.02961579,0.00375000,0.00275000,0.00395000
2004.9637,0.37422627,-0.34351955,-0.02778076,0.00350000,0.00270000,0.00370000
2004.9665,0.37284268,-0.34804856,-0.03077172,0.00360000,0.00265000,0.00385000
2004.9692,0.36999260,-0.34250048,-0.02884018,0.00355000,0.00280000,0.00380000
2004.9719,0.36960717,-0.34498067,-0.03350353,0.00340000,0.00265000,0.00390000
2004.9747,0.37434875,-0.34456299,-0.02664843,0.00380000,0.00290000,0.00410000
2004.9774,0.36790876,-0.34477781,-0.02616608,0.00360000,0.00290000,0.00390000
2004.9802,0.37074662,-0.34806501,-0.02683178,0.00340000,0.00280000,0.00360000
2004.9829,0.37469129,-0.34215255,-0.02699723,0.00340000,0.00280000,0.00380000
2004.9856,0.36820102,-0.34773688,-0.02606278,0.00350000,0.00250000,0.00370000
2004.9884,0.36956562,-0.34532371,-0.02102178,0.00360000,0.00260000,0.00390000
2004.9911,0.37182932,-0.34666329,-0.02284464,0.00400000,0.00320000,0.00420000
2004.9938,0.37562358,-0.34560967,-0.01570735,0.00420000,0.00340000,0.00450000
2004.9966,0.37199679,-0.34558318,-0.02889573,0.00435000,0.00305000,0.00470000
2004.9993,0.37380762,-0.34682667,-0.02935358,0.00360000,0.00290000,0.00390000
2005.0021,0.37202006,-0.34405747,-0.03368261,0.00410000,0.00320000,0.00450000
2005.0048,0.37699767,-0.34582818,-0.03536400,0.00390000,0.00300000,0.00420000
2005.0075,0.37814126,-0.34531636,-0.03635164,0.00365000,0.00265000,0.00395000
2005.0103,0.37088720,-0.34813228,-0.03262762,0.00370000,0.00280000,0.00410000
2005.0130,0.36774181,-0.34159610,-0.03474601,0.00380000,0.00320000,0.00410000
2005.0157,0.37450316,-0.34227994,-0.03399681,0.00350000,0.00285000,0.00375000
2005.0185,0.37163765,-0.34387418,-0.03315133,0.00340000,0.00265000,0.00380000
2005.0212,0.37230432,-0.34648870,-0.03048254,0.00365000,0.00310000,0.00400000
2005.0267,0.37160419,-0.34595244,-0.02948681,0.00415000,0.00325000,0.00425000
2005.0294,0.37067241,-0.34812011,-0.03766658,0.00390000,0.00300000,0.00430000
2005.0322,0.37523740,-0.34441908,-0.03568920,0.00400000,0.00315000,0.00440000
2005.0349,0.37242659,-0.34631294,-0.03607906,0.00350000,0.00260000,0.00400000
2005.0376,0.37010447,-0.34692963,-0.03131218,0.00330000,0.00240000,0.00350000
2005.0404,0.36540858,-0.34699859,-0.02475131,0.00320000,0.00250000,0.00370000
2005.0431,0.37113210,-0.34842122,-0.02871390,0.00310000,0.00240000,0.00360000
2005.0459,0.37225383,-0.34308921,-0.02813616,0.00330000,0.00250000,0.00380000
2005.0486,0.36923151,-0.34480024,-0.02938289,0.00380000,0.00270000,0.00410000
2005.0513,0.37439595,-0.34452060,-0.02881395,0.00365000,0.00270000,0.00400000
2005.0541,0.37331024,-0.35106516,-0.02999473,0.00360000,0.00270000,0.00400000
2005.0568,0.37205539,-0.34075284,-0.02864674,0.00330000,0.00260000,0.00370000
2005.0595,0.37439199,-0.34710071,-0.01873949,0.00340000,0.00270000,0.00390000
2005.0623,0.37128490,-0.34961545,-0.02124566,0.00320000,0.00250000,0.00370000
2005.0650,0.37359279,-0.34616123,-0.03282301,0.00330000,0.00270000,0.00350000
2005.0678,0.37266815,-0.34567978,-0.03089111,0.00370000,0.00270000,0.00390000
2005.0705,0.37242132,-0.34810819,-0.02789661,0.00330000,0.00260000,0.00390000
2005.0732,0.37811843,-0.34824825,-0.03443318,0.00350000,0.00265000,0.00390000
2005.0760,0.37677317,-0.34635007,-0.03495147,0.00345000,0.00275000,0.00395000
2005.0787,0.37685799,-0.34470440,-0.03213564,0.00375000,0.00290000,0.00435000
2005.0815,0.37485421,-0.34878615,-0.03540419,0.00365000,0.00300000,0.00420000
2005.0842,0.37639279,-0.34971088,-0.04513493,0.00345000,0.00265000,0.00360000
2005.0869,0.38042549,-0.35077907,-0.04911917,0.00350000,0.00270000,0.00400000
2005.0897,0.37658701,-0.35057716,-0.05364865,0.00345000,0.00265000,0.00380000
2005.0924,0.37604035,-0.34931453,-0.04621631,0.00345000,0.00275000,0.00380000
2005.0951,0.36898728,-0.34792753,-0.04897574,0.00365000,0.00290000,0.00400000
2005.0979,0.36896661,-0.34924850,-0.03921567,0.00330000,0.00260000,0.00350000
2005.1006,0.37151124,-0.34764689,-0.04583525,0.00360000,0.00250000,0.00390000
2005.1034,0.37386635,-0.34842828,-0.02979005,0.00350000,0.00260000,0.00380000
2005.1061,0.37259964,-0.35213727,-0.03537320,0.00335000,0.00255000,0.00380000
2005.1088,0.37593671,-0.34850637,-0.04205167,0.00300000,0.00250000,0.00370000
2005.1116,0.37062924,-0.35238780,-0.04259595,0.00330000,0.00250000,0.00380000
2005.1143,0.37173767,-0.34990671,-0.04342420,0.00330000,0.00280000,0.00360000
2005.1170,0.36861807,-0.34825394,-0.04201669,0.00370000,0.00280000,0.00400000
2005.1198,0.37372742,-0.35010788,-0.03194401,0.00365000,0.00275000,0.00380000
2005.1225,0.37774906,-0.34775202,-0.02774550,0.00340000,0.00260000,0.00380000
2005.1253,0.37588479,-0.34965564,-0.03521881,0.00360000,0.00270000,0.00405000
2005.1280,0.37524533,-0.34816499,-0.03093313,0.00335000,0.00270000,0.00395000
2005.1307,0.37277946,-0.35086353,-0.02802200,0.00340000,0.00275000,0.00380000
2005.1335,0.37725833,-0.35023574,-0.02898462,0.00365000,0.00280000,0.00405000
2005.1362,0.37639683,-0.35075462,-0.02819406,0.00360000,0.00290000,0.00410000
2005.1389,0.37700372,-0.35243323,-0.02902282,0.00415000,0.00290000,0.00425000
2005.1417,0.37485750,-0.35447177,-0.02061940,0.00385000,0.00280000,0.00400000
2005.1472,0.37985816,-0.34989029,-0.02696636,0.00360000,0.00300000,0.00410000
2005.1499,0.37779593,-0.35199407,-0.02273728,0.00370000,0.00290000,0.00400000
2005.1526,0.37362251,-0.35184977,-0.02577658,0.00320000,0.00260000,0.00340000
2005.1554,0.37591467,-0.35000087,-0.02802406,0.00330000,0.00260000,0.00390000
2005.1581,0.37417293,-0.35331182,-0.03143890,0.00355000,0.00245000,0.00380000
2005.1608,0.37440321,-0.35049408,-0.03445744,0.00345000,0.00275000,0.00370000
2005.1636,0.37316088,-0.35363050,-0.02879814,0.00340000,0.00275000,0.00380000
2005.1663,0.37126542,-0.35448559,-0.03440751,0.00320000,0.00260000,0.00380000
2005.1691,0.37611370,-0.35557011,-0.02665803,0.00335000,0.00275000,0.00405000
2005.1718,0.38187535,-0.35515632,-0.02535262,0.00350000,0.00280000,0.00385000
2005.1745,0.38094364,-0.35508994,-0.02990987,0.00370000,0.00320000,0.00405000
2005.1773,0.38137525,-0.35432557,-0.02058044,0.00380000,0.00290000,0.00390000
2005.1800,0.37740156,-0.35130043,-0.02455873,0.00370000,0.00280000,0.00410000
2005.1828,0.37886555,-0.35301722,-0.02760359,0.00370000,0.00290000,0.00410000
2005.1855,0.37514006,-0.35185738,-0.02623063,0.00330000,0.00260000,0.00380000
2005.1882,0.37731940,-0.34991998,-0.02486925,0.00350000,0.00270000,0.00390000
2005.1910,0.38155513,-0.35008532,-0.03655795,0.00345000,0.00265000,0.00375000
2005.1937,0.38381265,-0.34733692,-0.02292958,0.00370000,0.00280000,0.00400000
2005.1964,0.37849592,-0.34891043,-0.02440734,0.00340000,0.00250000,0.00355000
2005.1992,0.37767796,-0.35160500,-0.02578566,0.00350000,0.00260000,0.00380000
2005.2019,0.38049105,-0.34719835,-0.02669238,0.00370000,0.00265000,0.00385000
2005.2047,0.37650093,-0.35216687,-0.02742372,0.00310000,0.00260000,0.00340000
2005.2074,0.37803756,-0.35164415,-0.02962600,0.00340000,0.00250000,0.00370000
2005.2101,0.38173137,-0.35116952,-0.01674492,0.00315000,0.00255000,0.00370000
2005.2129,0.37925705,-0.35366777,-0.02240254,0.00405000,0.00295000,0.00435000
2005.2156,0.38038309,-0.35508515,-0.03063592,0.00320000,0.00260000,0.00350000
2005.2183,0.37879920,-0.35280671,-0.03180882,0.00340000,0.00270000,0.00370000
2005.2211,0.38012937,-0.35178733,-0.02449521,0.00340000,0.00280000,0.00370000
2005.2238,0.37710964,-0.34868318,-0.02905816,0.00340000,0.00270000,0.00390000
2005.2266,0.37318858,-0.34868478,-0.02693644,0.00390000,0.00300000,0.00410000
2005.2293,0.37913148,-0.35207267,-0.03290907,0.00320000,0.00265000,0.00375000
2005.2320,0.37758160,-0.35184368,-0.03283683,0.00320000,0.00265000,0.00345000
2005.2348,0.37489153,-0.35512477,-0.02827999,0.00360000,0.00285000,0.00395000
2005.2375,0.38011498,-0.35555756,-0.02782298,0.00340000,0.00270000,0.00380000
2005.2402,0.38306785,-0.34842000,-0.03680006,0.00370000,0.00310000,0.00400000
2005.2457,0.37612231,-0.35023498,-0.03276959,0.00355000,0.00280000,0.00400000
2005.2485,0.38185607,-0.35133310,-0.03591044,0.00350000,0.00250000,0.00380000
2005.2512,0.38681848,-0.35377695,-0.03354854,0.00345000,0.00275000,0.00385000
2005.2539,0.38028392,-0.34996509,-0.02779528,0.00330000,0.00255000,0.00365000
2005.2567,0.37938398,-0.34873864,-0.02835186,0.00355000,0.00280000,0.00405000
2005.2813,0.38037060,-0.35444838,-0.04163140,0.00345000,0.00285000,0.00390000
2005.2841,0.38304216,-0.35490308,-0.03644614,0.00380000,0.00300000,0.00430000
2005.2868,0.38346094,-0.35549886,-0.03795727,0.00350000,0.00280000,0.00410000
2005.2895,0.38370408,-0.35725160,-0.03335849,0.00350000,0.00270000,0.00370000
2005.2923,0.38317303,-0.35269958,-0.03159166,0.00370000,0.00290000,0.00390000
2005.2950,0.38518423,-0.35591675,-0.02751808,0.00350000,0.00280000,0.00400000
2005.2977,0.38291888,-0.35189846,-0.02443848,0.00370000,0.00290000,0.00410000
2005.3005,0.38682355,-0.35644324,-0.02468742,0.00365000,0.00275000,0.00415000
2005.3032,0.37965002,-0.35705715,-0.02776564,0.00340000,0.00275000,0.00385000
2005.3060,0.37986808,-0.35860683,-0.02691239,0.00335000,0.00275000,0.00380000
2005.3607,0.38420153,-0.35653577,-0.02944925,0.00350000,0.00290000,0.00400000
2005.3634,0.38390819,-0.35704641,-0.03809486,0.00350000,0.00280000,0.00390000
2005.3662,0.38459722,-0.35266104,-0.03220325,0.00390000,0.00310000,0.00420000
2005.3689,0.38269086,-0.35209262,-0.03290080,0.00395000,0.00320000,0.00425000
2005.3717,0.38510819,-0.34689051,-0.03204690,0.00400000,0.00320000,0.00435000
2005.3744,0.38617741,-0.35051369,-0.02795389,0.00370000,0.00305000,0.00445000
2005.3771,0.38104735,-0.35447891,-0.02178671,0.00405000,0.00320000,0.00465000
2005.3799,0.38733537,-0.35243315,-0.02487573,0.00385000,0.00300000,0.00450000
2005.3826,0.38032461,-0.35275375,-0.02279819,0.00400000,0.00320000,0.00440000
2005.3854,0.38153670,-0.35152967,-0.02037297,0.00390000,0.00320000,0.00440000
2005.3881,0.38215624,-0.34788187,-0.02160823,0.00385000,0.00310000,0.00425000
2005.3908,0.38436553,-0.35512174,-0.02314760,0.00365000,0.00280000,0.00390000
2005.3936,0.38121549,-0.34703999,-0.02925219,0.00370000,0.00300000,0.00410000
2005.3963,0.38621187,-0.35400767,-0.02900953,0.00360000,0.00280000,0.00410000
2005.3990,0.38268904,-0.35163243,-0.02868812,0.00390000,0.00300000,0.00420000
2005.4018,0.38180798,-0.35064355,-0.02448788,0.00375000,0.00275000,0.00395000
2005.4045,0.38062474,-0.34925570,-0.01928395,0.00405000,0.00310000,0.00430000
2005.4073,0.38567044,-0.35079671,-0.01962920,0.00390000,0.00310000,0.00425000
2005.4100,0.39050398,-0.34855882,-0.02559390,0.00410000,0.00310000,0.00440000
2005.4127,0.38677550,-0.34950308,-0.02872036,0.00420000,0.00340000,0.00450000
2005.4155,0.38915334,-0.35254874,-0.02191544,0.00390000,0.00285000,0.00410000
2005.4182,0.38375122,-0.35333476,-0.02542843,0.00390000,0.00310000,0.00440000
2005.4209,0.38563101,-0.35590462,-0.02789905,0.00380000,0.00305000,0.00415000
2005.4237,0.38378415,-0.34900233,-0.02630810,0.00400000,0.00310000,0.00430000
2005.4264,0.38907038,-0.35330899,-0.01281190,0.00390000,0.00300000,0.00415000
2005.4292,0.38275413,-0.35278060,-0.01194837,0.00360000,0.00290000,0.00425000
2005.4319,0.38712530,-0.34982335,-0.02036964,0.00370000,0.00280000,0.00415000
2005.4346,0.38609453,-0.35812218,-0.02883725,0.00415000,0.00320000,0.00440000
2005.4374,0.38597761,-0.35504330,-0.01895076,0.00375000,0.00295000,0.00405000
2005.4401,0.38976620,-0.35320753,-0.02132504,0.00365000,0.00280000,0.00395000
2005.4428,0.38080654,-0.35321584,-0.00911187,0.00400000,0.00320000,0.00430000
2005.4456,0.38056430,-0.35501887,-0.01529522,0.00410000,0.00330000,0.00450000
2005.4483,0.38772208,-0.36117484,-0.02272629,0.00385000,0.00315000,0.00435000
2005.4511,0.38661279,-0.35570830,-0.01308829,0.00390000,0.00310000,0.00440000
2005.4538,0.38764864,-0.36372127,-0.01798493,0.00370000,0.00300000,0.00410000
2005.4565,0.39163582,-0.35633425,-0.02563177,0.00390000,0.00300000,0.00420000
2005.4593,0.38384231,-0.35880820,-0.02196577,0.00390000,0.00310000,0.00450000
2005.4620,0.38614700,-0.36148841,-0.01271033,0.00400000,0.00300000,0.00450000
2005.4648,0.38674932,-0.36093416,-0.00651492,0.00400000,0.00305000,0.00420000
2005.4675,0.38817721,-0.35697544,-0.00754600,0.00410000,0.00310000,0.00420000
2005.4702,0.37890288,-0.35486272,-0.01902450,0.00415000,0.00300000,0.00450000
2005.4730,0.38365297,-0.35784302,-0.02553014,0.00390000,0.00325000,0.00450000
2005.4757,0.38867653,-0.35759910,-0.01934395,0.00410000,0.00310000,0.00450000
2005.4784,0.38404516,-0.35943510,-0.01149939,0.00405000,0.00330000,0.00440000
2005.4812,0.38290071,-0.35420796,-0.02036557,0.00400000,0.00320000,0.00430000
2005.4839,0.39016401,-0.35847657,-0.01712117,0.00410000,0.00290000,0.00440000
2005.4867,0.38707909,-0.35779030,-0.01378613,0.00370000,0.00290000,0.00410000
2005.4894,0.38938256,-0.35579774,-0.00681199,0.00395000,0.00300000,0.00455000
2005.4921,0.38702368,-0.35738147,-0.00998327,0.00430000,0.00365000,0.00465000
2005.4949,0.38362551,-0.36339935,-0.01598049,0.00400000,0.00340000,0.00430000
2005.4976,0.38271974,-0.35832394,-0.01516289,0.00405000,0.00320000,0.00440000
2005.5003,0.38743774,-0.36032209,-0.01150321,0.00390000,0.00330000,0.00420000
2005.5031,0.38787457,-0.36146401,-0.00249907,0.00390000,0.00310000,0.00430000
2005.5058,0.39102723,-0.35747358,-0.00226544,0.00390000,0.00310000,0.00420000
2005.5086,0.38922327,-0.36079737,0.00067700,0.00390000,0.00315000,0.00410000
2005.5113,0.38781708,-0.35937737,0.00345677,0.00400000,0.00320000,0.00440000
2005.5140,0.38285899,-0.35752761,-0.01545352,0.00420000,0.00330000,0.00450000
2005.5168,0.38372416,-0.36101804,-0.00758826,0.00425000,0.00320000,0.00470000
2005.5195,0.38868760,-0.36388203,-0.01595657,0.00420000,0.00360000,0.00450000
2005.5222,0.38735948,-0.36057755,-0.00637578,0.00425000,0.00315000,0.00470000
2005.5250,0.38362778,-0.36248584,-0.00895233,0.00420000,0.00330000,0.00470000
2005.5277,0.38725886,-0.36018707,-0.01290246,0.00410000,0.00320000,0.00450000
2005.5305,0.38894453,-0.36118140,-0.01360594,0.00420000,0.00310000,0.00450000
2005.5332,0.38255672,-0.35496785,-0.01160206,0.00425000,0.00325000,0.00460000
2005.5359,0.38348871,-0.36122500,-0.02406684,0.00400000,0.00290000,0.00450000
2005.5387,0.38569675,-0.36778795,-0.00904408,0.00420000,0.00330000,0.00450000
2005.5414,0.38430529,-0.36737866,-0.01454504,0.00420000,0.00330000,0.00450000
2005.5441,0.38433092,-0.36211979,-0.01124727,0.00415000,0.00310000,0.00450000
2005.5469,0.39009497,-0.35753510,-0.01772959,0.00410000,0.00305000,0.00430000
2005.5496,0.38743911,-0.35876436,-0.01818420,0.00430000,0.00310000,0.00460000
2005.5524,0.38941564,-0.35895575,-0.01380919,0.00440000,0.00340000,0.00470000
2005.5551,0.38586670,-0.35781200,-0.01780385,0.00495000,0.00375000,0.00535000
2005.5578,0.38314741,-0.35909442,-0.01736457,0.00440000,0.00370000,0.00480000
2005.5606,0.38199690,-0.36191925,-0.01118835,0.00450000,0.00360000,0.00480000
2005.5633,0.38318205,-0.36043030,-0.01740504,0.00405000,0.00325000,0.00450000
2005.5661,0.38426626,-0.35758675,-0.00874159,0.00420000,0.00355000,0.00450000
2005.5688,0.38508148,-0.36277879,-0.00885017,0.00450000,0.00360000,0.00480000
2005.5715,0.38530428,-0.36121826,-0.00467181,0.00465000,0.00390000,0.00490000
2005.5743,0.38346079,-0.35731540,-0.00567397,0.00450000,0.00350000,0.00490000
2005.5770,0.39018058,-0.36114348,-0.01301709,0.00440000,0.00350000,0.00490000
2005.5797,0.38828286,-0.35499284,-0.00673299,0.00460000,0.00350000,0.00490000
2005.5825,0.38148246,-0.36612575,-0.00918274,0.00460000,0.00380000,0.00490000
2005.5852,0.38155930,-0.36087501,-0.00091601,0.00460000,0.00370000,0.00480000
2005.5880,0.38596524,-0.36350044,-0.01420483,0.00390000,0.00305000,0.00455000
2005.5907,0.38158517,-0.36498688,-0.01616148,0.00440000,0.00350000,0.00490000
2005.5934,0.38740839,-0.35897722,-0.01953367,0.00425000,0.00340000,0.00450000
2005.5962,0.38488789,-0.36815682,-0.01044061,0.00460000,0.00320000,0.00490000
2005.5989,0.38954266,-0.36001401,-0.02442516,0.00420000,0.00330000,0.00450000
2005.6016,0.38527818,-0.36790451,-0.01312612,0.00400000,0.00310000,0.00450000
2005.6044,0.38947743,-0.36450924,-0.01911294,0.00405000,0.00325000,0.00455000
2005.6071,0.39047518,-0.36536944,-0.01415799,0.00415000,0.00325000,0.00445000
2005.6099,0.38299441,-0.35964059,-0.01406634,0.00435000,0.00360000,0.00470000
2005.6126,0.38923695,-0.36399548,-0.02019043,0.00400000,0.00300000,0.00440000
2005.6153,0.38267481,-0.36375732,-0.02533078,0.00430000,0.00310000,0.00460000
2005.6181,0.38547332,-0.36324253,-0.01909672,0.00380000,0.00300000,0.00450000
2005.6208,0.38809873,-0.36279059,-0.01531846,0.00390000,0.00290000,0.00440000
2005.6235,0.38687159,-0.36748001,-0.00427466,0.00410000,0.00320000,0.00450000
2005.6263,0.38170697,-0.36943099,-0.00130004,0.00465000,0.00350000,0.00505000
2005.6290,0.38676470,-0.36769088,-0.01680754,0.00430000,0.00340000,0.00480000
2005.6318,0.38686256,-0.36503153,-0.01110600,0.00400000,0.00315000,0.00460000
2005.6345,0.38143084,-0.36805183,-0.01236827,0.00405000,0.00305000,0.00460000
2005.6372,0.38527680,-0.36596834,-0.01745551,0.00390000,0.00300000,0.00440000
2005.6400,0.38826456,-0.36503903,-0.00676238,0.00405000,0.00335000,0.00430000
2005.6427,0.38842980,-0.36298446,-0.00371096,0.00425000,0.00310000,0.00445000
2005.6454,0.38656649,-0.36674327,-0.00643818,0.00390000,0.00285000,0.00430000
2005.6482,0.38730482,-0.36490299,-0.00677287,0.00430000,0.00340000,0.00465000
2005.6509,0.38534059,-0.36327498,-0.01241824,0.00420000,0.00300000,0.00460000
2005.6537,0.38670284,-0.35925021,-0.02500861,0.00415000,0.00320000,0.00440000
2005.6564,0.38602375,-0.36616116,-0.02707538,0.00420000,0.00350000,0.00460000
2005.6591,0.38770431,-0.36221023,-0.01781821,0.00410000,0.00335000,0.00450000
2005.6619,0.38538878,-0.36430362,-0.02771342,0.00410000,0.00335000,0.00450000
2005.6646,0.39201165,-0.36536424,-0.03476026,0.00420000,0.00330000,0.00440000
2005.6674,0.38865901,-0.36394510,-0.01242713,0.00400000,0.00310000,0.00440000
2005.6701,0.38708493,-0.36763859,-0.02183973,0.00400000,0.00290000,0.00430000
2005.6728,0.38531915,-0.36179259,-0.01689120,0.00420000,0.00345000,0.00450000
2005.6756,0.38784478,-0.36479704,-0.02029766,0.00390000,0.00310000,0.00420000
2005.6783,0.39334815,-0.36409683,-0.01529232,0.00390000,0.00280000,0.00420000
2005.6810,0.39211763,-0.36238397,-0.01044948,0.00395000,0.00280000,0.00420000
2005.6838,0.38437998,-0.36375701,-0.02475832,0.00380000,0.00270000,0.00405000
2005.6865,0.38473790,-0.36730330,-0.02129611,0.00410000,0.00315000,0.00430000
2005.6893,0.38660400,-0.36497781,-0.02602998,0.00410000,0.00330000,0.00470000
2005.6920,0.38756452,-0.36456085,-0.02530282,0.00390000,0.00310000,0.00445000
2005.6947,0.38704648,-0.36139095,-0.02552952,0.00410000,0.00310000,0.00440000
2005.6975,0.39509744,-0.36536425,-0.03164318,0.00410000,0.00320000,0.00440000
2005.7002,0.39166086,-0.36519958,-0.02170592,0.00410000,0.00330000,0.00440000
2005.7029,0.39022102,-0.36068289,-0.02256718,0.00380000,0.00300000,0.00420000
2005.7057,0.38935330,-0.36600464,-0.02080270,0.00400000,0.00310000,0.00420000
2005.7084,0.39322069,-0.36237498,-0.01672943,0.00395000,0.00290000,0.00430000
2005.7112,0.38907271,-0.36368533,-0.01445702,0.00400000,0.00315000,0.00430000
2005.7139,0.39136950,-0.36364970,-0.01746427,0.00355000,0.00275000,0.00415000
2005.7166,0.39171313,-0.35820253,-0.02400922,0.00360000,0.00290000,0.00410000
2005.7194,0.38925573,-0.36084074,-0.02295980,0.00400000,0.00330000,0.00450000
2005.7221,0.38629931,-0.36141878,-0.01794051,0.00500000,0.00375000,0.00545000
2005.7248,0.39403674,-0.35810196,-0.02315809,0.00420000,0.00310000,0.00460000
2005.7276,0.38791327,-0.35502047,-0.02783077,0.00420000,0.00320000,0.00430000
2005.7303,0.38815376,-0.36210165,-0.02677703,0.00385000,0.00290000,0.00420000
2005.7331,0.39171623,-0.36082131,-0.01041063,0.00380000,0.00280000,0.00430000
2005.7358,0.39231220,-0.36412449,-0.01556423,0.00380000,0.00290000,0.00410000
2005.7385,0.38657490,-0.36147166,-0.01776775,0.00430000,0.00340000,0.00470000
2005.7413,0.39329176,-0.36058630,-0.01694229,0.00450000,0.00350000,0.00500000
2005.7440,0.38890885,-0.36411248,-0.01636223,0.00400000,0.00310000,0.00430000
2005.7467,0.38965009,-0.36561144,-0.01340530,0.00375000,0.00290000,0.00415000
2005.7495,0.38897257,-0.36529878,-0.01089783,0.00410000,0.00310000,0.00420000
2005.7522,0.39511566,-0.35964803,-0.01437967,0.00400000,0.00310000,0.00480000
2005.7550,0.39061550,-0.36430272,-0.02032059,0.00390000,0.00300000,0.00430000
2005.7577,0.39207874,-0.36188687,-0.02199538,0.00400000,0.00300000,0.00440000
2005.7604,0.39230580,-0.36588236,-0.02262454,0.00375000,0.00275000,0.00410000
2005.7632,0.39130340,-0.36283402,-0.02031439,0.00360000,0.00285000,0.00405000
2005.7659,0.39050176,-0.36707894,-0.03042181,0.00350000,0.00280000,0.00380000
2005.7687,0.39541277,-0.36816919,-0.02274453,0.00370000,0.00300000,0.00410000
2005.7714,0.39535616,-0.36064417,-0.02936417,0.00420000,0.00360000,0.00460000
2005.7741,0.39262336,-0.36900434,-0.01946641,0.00390000,0.00300000,0.00410000
2005.7769,0.38697750,-0.36344491,-0.02218832,0.00395000,0.00340000,0.00425000
2005.7796,0.39263736,-0.36361443,-0.02009982,0.00380000,0.00310000,0.00415000
2005.7823,0.39389649,-0.36484887,-0.02064896,0.00360000,0.00290000,0.00390000
2005.7851,0.39378058,-0.36504577,-0.01288702,0.00380000,0.00290000,0.00410000
2005.7878,0.38921767,-0.36900688,-0.01700840,0.00335000,0.00260000,0.00385000
2005.7906,0.38909037,-0.36881210,-0.01647529,0.00360000,0.00310000,0.00410000
2005.7933,0.38987743,-0.36462249,-0.01248689,0.00420000,0.00340000,0.00450000
2005.7960,0.39107517,-0.36497928,-0.02307698,0.00400000,0.00320000,0.00430000
2005.7988,0.39879708,-0.36713889,-0.02657534,0.00375000,0.00305000,0.00420000
2005.8015,0.39253305,-0.36818159,-0.02608715,0.00380000,0.00310000,0.00405000
2005.8042,0.39328072,-0.36332841,-0.02319472,0.00370000,0.00280000,0.00400000
2005.8070,0.39720827,-0.36175045,-0.01904410,0.00365000,0.00280000,0.00400000
2005.8097,0.39546905,-0.36449006,-0.01566031,0.00380000,0.00300000,0.00400000
2005.8125,0.39703335,-0.36873625,-0.00848451,0.00380000,0.00305000,0.00410000
2005.8152,0.39141188,-0.36482878,-0.02619447,0.00340000,0.00270000,0.00400000
2005.8179,0.38817189,-0.36376595,-0.02341946,0.00400000,0.00300000,0.00420000
2005.8207,0.39470503,-0.37103467,-0.02019234,0.00390000,0.00280000,0.00410000
2005.8234,0.39646310,-0.36631802,-0.02060895,0.00370000,0.00265000,0.00390000
2005.8261,0.39324087,-0.37139763,-0.02678816,0.00370000,0.00280000,0.00430000
2005.8289,0.39956930,-0.37380226,-0.02906090,0.00370000,0.00285000,0.00410000
2005.8316,0.39314019,-0.37090162,-0.02113788,0.00365000,0.00265000,0.00400000
2005.8344,0.39624927,-0.36466824,-0.02383744,0.00380000,0.00300000,0.00405000
2005.8371,0.39079856,-0.36543461,-0.01836217,0.00375000,0.00305000,0.00410000
2005.8398,0.39202250,-0.37031048,-0.02343347,0.00390000,0.00300000,0.00440000
2005.8426,0.39709375,-0.37100913,-0.02094353,0.00425000,0.00320000,0.00450000
2005.8453,0.39540107,-0.36709083,-0.02612570,0.00390000,0.00300000,0.00440000
2005.8480,0.39696658,-0.36711346,-0.02605355,0.00360000,0.00285000,0.00410000
2005.8508,0.39401900,-0.37224604,-0.02138519,0.00360000,0.00300000,0.00410000
2005.8535,0.39586149,-0.36839297,-0.02252271,0.00380000,0.00300000,0.00430000
2005.8563,0.39178117,-0.36653219,-0.02453271,0.00405000,0.00310000,0.00425000
2005.8590,0.39942018,-0.36896032,-0.03029529,0.00400000,0.00310000,0.00440000
2005.8617,0.39689518,-0.37014658,-0.03518874,0.00415000,0.00345000,0.00455000
2005.8645,0.39378782,-0.37063882,-0.03099108,0.00400000,0.00300000,0.00440000
2005.8672,0.39668078,-0.36846094,-0.03010593,0.00355000,0.00280000,0.00400000
2005.8700,0.39625932,-0.36831524,-0.02657442,0.00340000,0.00260000,0.00380000
2005.8727,0.39700743,-0.36635713,-0.02744637,0.00360000,0.00285000,0.00400000
2005.8754,0.39879553,-0.36639999,-0.01812316,0.00365000,0.00270000,0.00400000
2005.8782,0.39950177,-0.36522177,-0.02172285,0.00350000,0.00270000,0.00385000
2005.8809,0.39836798,-0.37108780,-0.02592042,0.00355000,0.00280000,0.00390000
2005.8836,0.40339242,-0.36807982,-0.03423376,0.00350000,0.00280000,0.00375000
2005.8864,0.39852137,-0.36728862,-0.02798425,0.00335000,0.00255000,0.00370000
2005.8891,0.40058649,-0.36647342,-0.03193217,0.00325000,0.00250000,0.00360000
2005.8919,0.39996304,-0.36923261,-0.03345685,0.00340000,0.00250000,0.00370000
2005.8946,0.39693232,-0.37097156,-0.03088483,0.00345000,0.00270000,0.00380000
2005.8973,0.40146015,-0.36913132,-0.02392386,0.00350000,0.00270000,0.00410000
2005.9001,0.39299009,-0.36667031,-0.03496459,0.00370000,0.00285000,0.00415000
2005.9028,0.39815999,-0.36983601,-0.02604567,0.00380000,0.00310000,0.00420000
2005.9055,0.39901232,-0.36936223,-0.03077590,0.00405000,0.00300000,0.00425000
2005.9083,0.39484120,-0.36977533,-0.03762038,0.00360000,0.00285000,0.00400000
2005.9110,0.39411221,-0.37402949,-0.02934835,0.00345000,0.00275000,0.00395000
2005.9138,0.40021679,-0.37214475,-0.03347064,0.00385000,0.00300000,0.00425000
2005.9165,0.39698997,-0.36857224,-0.02066865,0.00355000,0.00285000,0.00405000
2005.9192,0.39819064,-0.37157016,-0.02485244,0.00340000,0.00270000,0.00390000
2005.9220,0.40019840,-0.36878496,-0.02858496,0.00360000,0.00280000,0.00410000
2005.9247,0.40376312,-0.36944988,-0.03601168,0.00395000,0.00315000,0.00440000
2005.9274,0.39972553,-0.37176548,-0.03791306,0.00350000,0.00260000,0.00380000
2005.9302,0.40489267,-0.36879039,-0.03276539,0.00340000,0.00260000,0.00370000
2005.9329,0.39739337,-0.36742223,-0.03498403,0.00330000,0.00250000,0.00380000
2005.9357,0.39664433,-0.37070375,-0.03286936,0.00350000,0.00265000,0.00395000
2005.9384,0.39904977,-0.36812781,-0.03015344,0.00315000,0.00260000,0.00380000
2005.9411,0.39793886,-0.37113174,-0.03889615,0.00335000,0.00270000,0.00380000
2005.9439,0.39920596,-0.36742614,-0.03185084,0.00350000,0.00260000,0.00400000
2005.9466,0.39700493,-0.36864067,-0.03601215,0.00325000,0.00250000,0.00370000
2005.9493,0.40044213,-0.36625775,-0.03692769,0.00345000,0.00250000,0.00385000
2005.9521,0.39553444,-0.36764710,-0.02988540,0.00360000,0.00255000,0.00390000
2005.9548,0.39974789,-0.36998211,-0.02539534,0.00320000,0.00240000,0.00370000
2005.9576,0.39636197,-0.36876574,-0.03286795,0.00340000,0.00260000,0.00380000
2005.9603,0.39731046,-0.36831187,-0.03303902,0.00355000,0.00250000,0.00390000
2005.9630,0.39842723,-0.36976762,-0.03315965,0.00360000,0.00275000,0.00410000
2005.9658,0.40139085,-0.37129144,-0.03149882,0.00360000,0.00270000,0.00410000
2005.9685,0.39657862,-0.36956185,-0.02542597,0.00370000,0.00270000,0.00400000
2005.9713,0.39953778,-0.36622729,-0.03611552,0.00370000,0.00275000,0.00395000
2005.9740,0.40432772,-0.36887852,-0.04064785,0.00350000,0.00280000,0.00390000
2005.9767,0.39983946,-0.36510728,-0.03201151,0.00380000,0.00280000,0.00420000
2005.9795,0.39644997,-0.36628215,-0.03126194,0.00355000,0.00300000,0.00415000
2005.9822,0.39552958,-0.36904877,-0.03720823,0.00370000,0.00300000,0.00390000
2005.9849,0.40238586,-0.37128660,-0.03655012,0.00365000,0.00280000,0.00400000
2005.9877,0.39992561,-0.37318131,-0.03687943,0.00385000,0.00285000,0.00445000
2005.9904,0.39693781,-0.37219417,-0.03194467,0.00380000,0.00300000,0.00420000
2005.9932,0.39672656,-0.36761822,-0.02466340,0.00385000,0.00305000,0.00420000
2005.9959,0.39842706,-0.37276499,-0.03558931,0.00390000,0.00290000,0.00420000
2005.9986,0.39805755,-0.36544884,-0.03642307,0.00340000,0.00270000,0.00380000
2006.0014,0.39969422,-0.36834113,-0.02849405,0.00400000,0.00310000,0.00440000
2006.0041,0.40233670,-0.37020865,-0.02077447,0.00410000,0.00315000,0.00460000
2006.0068,0.40004526,-0.36541788,-0.02778895,0.00430000,0.00350000,0.00450000
2006.0096,0.40132156,-0.37174116,-0.02692473,0.00390000,0.00290000,0.00420000
2006.0123,0.39684734,-0.37564004,-0.02551155,0.00360000,0.00250000,0.00410000
2006.0151,0.39976695,-0.37008653,-0.02470595,0.00340000,0.00250000,0.00390000
2006.0178,0.39856198,-0.37293442,-0.02963676,0.00370000,0.00280000,0.00400000
2006.0205,0.39616963,-0.37265269,-0.03331614,0.00360000,0.00280000,0.00410000
2006.0233,0.40069347,-0.37596538,-0.02667057,0.00350000,0.00260000,0.00410000
2006.0260,0.39656970,-0.37386927,-0.02742224,0.00370000,0.00275000,0.00395000
2006.0287,0.39988670,-0.37627388,-0.03056746,0.00340000,0.00260000,0.00380000
2006.0315,0.39824644,-0.37016221,-0.02926132,0.00370000,0.00300000,0.00415000
2006.0342,0.39829307,-0.37529813,-0.03059560,0.00360000,0.00270000,0.00400000
2006.0370,0.40342063,-0.37023626,-0.03079626,0.00340000,0.00260000,0.00390000
2006.0397,0.40287687,-0.37206255,-0.03671153,0.00380000,0.00310000,0.00440000
2006.0424,0.39638547,-0.37154359,-0.03246992,0.00400000,0.00300000,0.00420000
2006.0452,0.39882046,-0.37007712,-0.02676742,0.00380000,0.00295000,0.00400000
2006.0479,0.40020484,-0.37131287,-0.03343736,0.00385000,0.00310000,0.00405000
2006.0507,0.40170477,-0.37060951,-0.03755063,0.00360000,0.00280000,0.00410000
2006.0534,0.40266072,-0.37346747,-0.04075742,0.00400000,0.00300000,0.00440000
2006.0561,0.39826987,-0.37570967,-0.03443519,0.00350000,0.00260000,0.00370000
2006.0589,0.40245732,-0.36633214,-0.03775243,0.00340000,0.00270000,0.00380000
2006.0616,0.40037475,-0.36937000,-0.03720179,0.00345000,0.00270000,0.00380000
2006.0643,0.39715018,-0.37321431,-0.03964297,0.00360000,0.00280000,0.00390000
2006.0671,0.40059376,-0.37447420,-0.03836543,0.00350000,0.00265000,0.00380000
2006.0698,0.40060233,-0.37180637,-0.03594454,0.00360000,0.00270000,0.00390000
2006.0726,0.40506646,-0.37141791,-0.03766398,0.00370000,0.00260000,0.00400000
2006.0753,0.39984097,-0.37474680,-0.03698864,0.00370000,0.00300000,0.00405000
2006.0780,0.40244019,-0.36956125,-0.03734413,0.00350000,0.00275000,0.00385000
2006.0808,0.40125555,-0.37099431,-0.04287154,0.00340000,0.00260000,0.00400000
2006.0835,0.40041841,-0.37533283,-0.03075942,0.00340000,0.00250000,0.00380000
2006.0862,0.40127148,-0.36717507,-0.02901259,0.00390000,0.00285000,0.00430000
2006.0890,0.40120982,-0.37402640,-0.03634434,0.00390000,0.00300000,0.00420000
2006.0917,0.40314620,-0.37394629,-0.04159229,0.00360000,0.00280000,0.00400000
2006.0945,0.40157820,-0.37234990,-0.03768885,0.00360000,0.00285000,0.00380000
2006.0972,0.40594643,-0.37025608,-0.03844968,0.00360000,0.00285000,0.00390000
2006.0999,0.40593632,-0.37179069,-0.03849437,0.00350000,0.00290000,0.00390000
2006.1027,0.40491428,-0.37355039,-0.04441546,0.00370000,0.00275000,0.00390000
2006.1054,0.40633045,-0.37090247,-0.04355306,0.00355000,0.00280000,0.00390000
2006.1081,0.40546493,-0.37542544,-0.04002600,0.00355000,0.00265000,0.00385000
2006.1109,0.40160748,-0.36907189,-0.03607243,0.00365000,0.00280000,0.00405000
2006.1136,0.40153289,-0.37210273,-0.04163187,0.00340000,0.00265000,0.00370000
2006.1164,0.40683054,-0.37264395,-0.03907294,0.00365000,0.00275000,0.00395000
2006.1191,0.40135714,-0.37349465,-0.03787689,0.00330000,0.00280000,0.00380000
2006.1218,0.40560318,-0.37095686,-0.03310727,0.00370000,0.00255000,0.00400000
2006.1246,0.39817933,-0.37242323,-0.04473450,0.00365000,0.00280000,0.00390000
2006.1273,0.40532778,-0.37461096,-0.04624332,0.00370000,0.00280000,0.00420000
2006.1300,0.40326963,-0.36922949,-0.04644366,0.00340000,0.00290000,0.00400000
2006.1328,0.40231995,-0.37881361,-0.04371463,0.00340000,0.00280000,0.00360000
2006.1355,0.40079693,-0.37149976,-0.04000658,0.00390000,0.00310000,0.00410000
2006.1383,0.40285930,-0.37560718,-0.04215608,0.00365000,0.00285000,0.00390000
2006.1410,0.40710173,-0.37207419,-0.03868808,0.00360000,0.00270000,0.00385000
2006.1437,0.40340123,-0.37402879,-0.02863465,0.00335000,0.00270000,0.00375000
2006.1465,0.40635400,-0.37526080,-0.03783848,0.00340000,0.00260000,0.00380000
2006.1492,0.40497298,-0.37563426,-0.03314121,0.00320000,0.00250000,0.00370000
2006.1520,0.40554857,-0.37515808,-0.03238223,0.00340000,0.00260000,0.00380000
2006.1547,0.40559930,-0.37606508,-0.03280207,0.00330000,0.00250000,0.00370000
2006.1574,0.40228444,-0.37188261,-0.02802362,0.00350000,0.00270000,0.00400000
2006.1602,0.40426504,-0.36927251,-0.02800528,0.00410000,0.00300000,0.00420000
2006.1629,0.40380883,-0.37332432,-0.03302038,0.00410000,0.00330000,0.00420000
2006.1656,0.39789735,-0.37336693,-0.02791556,0.00370000,0.00290000,0.00400000
2006.1684,0.40520142,-0.37747118,-0.03395325,0.00340000,0.00280000,0.00370000
2006.1711,0.40514803,-0.36871961,-0.03281765,0.00360000,0.00290000,0.00380000
2006.1739,0.40213094,-0.37257021,-0.03341703,0.00340000,0.00285000,0.00370000
2006.1766,0.40462388,-0.37543077,-0.03061798,0.00330000,0.00260000,0.00360000
2006.1793,0.40566298,-0.37791061,-0.03044933,0.00360000,0.00300000,0.00400000
2006.1821,0.39891250,-0.37288523,-0.03528853,0.00340000,0.00280000,0.00390000
2006.1848,0.40175618,-0.37217503,-0.03390788,0.00350000,0.00280000,0.00390000
2006.1875,0.40862400,-0.37224247,-0.03111362,0.00370000,0.00290000,0.00395000
2006.1903,0.40238690,-0.36936380,-0.04237433,0.00390000,0.00340000,0.00430000
2006.1930,0.40448252,-0.37297534,-0.03956063,0.00360000,0.00300000,0.00400000
2006.1958,0.40471249,-0.37410542,-0.04229992,0.00360000,0.00290000,0.00390000
2006.1985,0.40124727,-0.36894331,-0.03245420,0.00330000,0.00275000,0.00375000
2006.2012,0.40642517,-0.37671858,-0.03850797,0.00340000,0.00280000,0.00380000
2006.2040,0.40920867,-0.37711297,-0.04677318,0.00400000,0.00300000,0.00420000
2006.2067,0.41008165,-0.37632180,-0.04014081,0.00390000,0.00300000,0.00420000
2006.2094,0.40612255,-0.37639777,-0.04069035,0.00400000,0.00300000,0.00430000
2006.2122,0.40285466,-0.37768685,-0.03572588,0.00370000,0.00285000,0.00415000
2006.2149,0.40438660,-0.37279092,-0.03704020,0.00370000,0.00285000,0.00395000
2006.2177,0.41243212,-0.37530202,-0.03913487,0.00370000,0.00290000,0.00410000
2006.2204,0.40945731,-0.37292171,-0.03878462,0.00375000,0.00280000,0.00405000
2006.2231,0.40783986,-0.37717714,-0.04438194,0.00370000,0.00290000,0.00380000
2006.2259,0.40577627,-0.37613009,-0.03682163,0.00355000,0.00270000,0.00380000
2006.2286,0.40376134,-0.37635885,-0.03216390,0.00370000,0.00275000,0.00400000
2006.2313,0.40447994,-0.37521485,-0.04010674,0.00370000,0.00280000,0.00390000
2006.2341,0.41141614,-0.36983941,-0.04224974,0.00370000,0.00280000,0.00400000
2006.2368,0.40445070,-0.37557139,-0.03167049,0.00380000,0.00280000,0.00400000
2006.2396,0.40508779,-0.37757351,-0.02976811,0.00410000,0.00295000,0.00430000
2006.2423,0.40817035,-0.37247280,-0.03988401,0.00410000,0.00310000,0.00420000
2006.2450,0.41338091,-0.37399391,-0.03994722,0.00360000,0.00270000,0.00385000
2006.2478,0.40437712,-0.37682744,-0.03430967,0.00360000,0.00280000,0.00390000
2006.2505,0.41167382,-0.37352773,-0.03337982,0.00375000,0.00285000,0.00400000
2006.2533,0.40356601,-0.37728817,-0.02705688,0.00360000,0.00300000,0.00390000
2006.2560,0.40825827,-0.37698752,-0.03094974,0.00390000,0.00310000,0.00420000
2006.2587,0.40690928,-0.37620616,-0.03249783,0.00425000,0.00320000,0.00460000
2006.2615,0.40402489,-0.37598843,-0.02854574,0.00410000,0.00300000,0.00440000
2006.2642,0.40629596,-0.37483575,-0.03221988,0.00385000,0.00305000,0.00410000
2006.2669,0.40821242,-0.37696181,-0.03263915,0.00380000,0.00310000,0.00410000
2006.2697,0.40321513,-0.37735245,-0.03709488,0.00390000,0.00300000,0.00410000
2006.2724,0.40875671,-0.37748380,-0.04189361,0.00380000,0.00290000,0.00410000
2006.2752,0.40427549,-0.37492603,-0.03626111,0.00400000,0.00320000,0.00430000
2006.2779,0.40881632,-0.37924060,-0.04119188,0.00425000,0.00315000,0.00440000
2006.2806,0.40582035,-0.37930241,-0.03855276,0.00360000,0.00270000,0.00410000
2006.2834,0.40590983,-0.37372288,-0.02960366,0.00360000,0.00290000,0.00410000
2006.2861,0.40876615,-0.37389668,-0.02853724,0.00375000,0.00295000,0.00425000
2006.2888,0.41029525,-0.37737578,-0.03026799,0.00380000,0.00310000,0.00425000
2006.2916,0.40568823,-0.37601745,-0.02803680,0.00345000,0.00280000,0.00400000
2006.2943,0.40697945,-0.37786432,-0.03131496,0.00390000,0.00295000,0.00425000
2006.2971,0.40389556,-0.37416531,-0.02833230,0.00340000,0.00280000,0.00400000
2006.2998,0.40984967,-0.38156668,-0.03748292,0.00330000,0.00260000,0.00375000
2006.3025,0.40997253,-0.37895365,-0.03115266,0.00340000,0.00270000,0.00370000
2006.3053,0.40681876,-0.37578637,-0.03448439,0.00390000,0.00295000,0.00425000
2006.3080,0.40718832,-0.37734624,-0.02527245,0.00375000,0.00295000,0.00405000
2006.3107,0.40542797,-0.38009751,-0.02462559,0.00370000,0.00310000,0.00420000
2006.3135,0.40907019,-0.37941573,-0.03162368,0.00330000,0.00270000,0.00390000
2006.3162,0.41275205,-0.37272792,-0.03170019,0.00350000,0.00290000,0.00380000
2006.3190,0.41414080,-0.37501065,-0.02934857,0.00390000,0.00310000,0.00420000
2006.3217,0.40669699,-0.37702777,-0.02657821,0.00380000,0.00305000,0.00420000
2006.3244,0.40885815,-0.37577182,-0.02405520,0.00355000,0.00280000,0.00410000
2006.3272,0.40831733,-0.37684785,-0.02757740,0.00365000,0.00270000,0.00400000
2006.3299,0.41081110,-0.37412852,-0.03172276,0.00370000,0.00290000,0.00410000
2006.3326,0.41059606,-0.37695529,-0.02972851,0.00395000,0.00310000,0.00430000
2006.3354,0.41044314,-0.37384235,-0.02877473,0.00370000,0.00330000,0.00410000
2006.3381,0.41029821,-0.37938374,-0.02400542,0.00380000,0.00290000,0.00410000
2006.3409,0.41095197,-0.37582854,-0.02687743,0.00335000,0.00285000,0.00395000
2006.3436,0.40394893,-0.37809825,-0.02434691,0.00385000,0.00285000,0.00415000
2006.3463,0.40662987,-0.38086434,-0.02476394,0.00370000,0.00290000,0.00410000
2006.3491,0.40912445,-0.37395755,-0.02975395,0.00360000,0.00290000,0.00410000
2006.3518,0.40792535,-0.38273130,-0.02945028,0.00385000,0.00285000,0.00415000
2006.3546,0.40977392,-0.37949212,-0.03278641,0.00355000,0.00310000,0.00395000
2006.3573,0.40865032,-0.37749302,-0.02726759,0.00350000,0.00275000,0.00385000
2006.3600,0.41175629,-0.37744728,-0.03538669,0.00360000,0.00270000,0.00390000
2006.3628,0.40667359,-0.38176378,-0.03578629,0.00375000,0.00260000,0.00410000
2006.3655,0.40753013,-0.37585919,-0.03837751,0.00390000,0.00300000,0.00420000
2006.3682,0.40618982,-0.37756213,-0.02918088,0.00375000,0.00290000,0.00405000
2006.3710,0.40953168,-0.38302634,-0.03915776,0.00370000,0.00285000,0.00410000
2006.3737,0.41400969,-0.38021284,-0.03576389,0.00390000,0.00310000,0.00430000
2006.3765,0.40811107,-0.38389578,-0.03596054,0.00380000,0.00285000,0.00425000
2006.3792,0.41147278,-0.37815694,-0.04055339,0.00385000,0.00295000,0.00435000
2006.3819,0.40998507,-0.37964428,-0.03360936,0.00400000,0.00300000,0.00440000
2006.3847,0.41225810,-0.38182375,-0.03508525,0.00370000,0.00300000,0.00430000
2006.3874,0.41214001,-0.38712566,-0.03010239,0.00390000,0.00325000,0.00460000
2006.3901,0.41029722,-0.38710101,-0.03539251,0.00420000,0.00310000,0.00450000
2006.3929,0.40965331,-0.38216694,-0.03454250,0.00360000,0.00280000,0.00400000
2006.3956,0.41313217,-0.37777730,-0.04189742,0.00350000,0.00295000,0.00400000
2006.3984,0.41245957,-0.38151990,-0.03727528,0.00385000,0.00295000,0.00410000
2006.4011,0.40957761,-0.37801263,-0.03362977,0.00375000,0.00290000,0.00425000
2006.4038,0.40977544,-0.37910857,-0.03992367,0.00375000,0.00285000,0.00415000
2006.4066,0.41116078,-0.37662357,-0.03819104,0.00400000,0.00290000,0.00440000
2006.4093,0.40543957,-0.38220025,-0.02823932,0.00390000,0.00310000,0.00420000
2006.4120,0.41053158,-0.38211299,-0.02580533,0.00370000,0.00300000,0.00415000
2006.4148,0.41051219,-0.38048330,-0.03258766,0.00360000,0.00280000,0.00400000
2006.4175,0.41137995,-0.37698397,-0.02421111,0.00350000,0.00300000,0.00420000
2006.4203,0.41161915,-0.37515927,-0.02993631,0.00400000,0.00310000,0.00420000
2006.4230,0.41301191,-0.38221375,-0.02219859,0.00420000,0.00320000,0.00450000
2006.4257,0.41490968,-0.38016388,-0.02710019,0.00380000,0.00320000,0.00430000
2006.4285,0.41074792,-0.37973732,-0.04008071,0.00410000,0.00330000,0.00455000
2006.4312,0.41414112,-0.37710263,-0.03309720,0.00405000,0.00310000,0.00440000
2006.4339,0.41049673,-0.38216864,-0.02411029,0.00420000,0.00325000,0.00460000
2006.4367,0.41081560,-0.38179450,-0.02586357,0.00410000,0.00320000,0.00450000
2006.4394,0.41280552,-0.38268804,-0.03289033,0.00390000,0.00310000,0.00420000
2006.4422,0.41153521,-0.37579315,-0.03089078,0.00360000,0.00300000,0.00410000
2006.4449,0.40474456,-0.38401241,-0.02647736,0.00375000,0.00295000,0.00425000
2006.4476,0.40852174,-0.37731318,-0.03125516,0.00380000,0.00310000,0.00430000
2006.4504,0.41132968,-0.38581650,-0.03255757,0.00430000,0.00325000,0.00465000
2006.4531,0.40760045,-0.38309210,-0.02052503,0.00395000,0.00315000,0.00415000
2006.4559,0.40562319,-0.38707515,-0.02211407,0.00410000,0.00330000,0.00440000
2006.4586,0.40707308,-0.38257743,-0.03275096,0.00425000,0.00330000,0.00455000
2006.4613,0.41254404,-0.37991874,-0.02938964,0.00390000,0.00310000,0.00435000
2006.4641,0.41100817,-0.37895497,-0.02549624,0.00400000,0.00320000,0.00440000
2006.4668,0.40921445,-0.37981008,-0.02566742,0.00415000,0.00320000,0.00460000
2006.4695,0.41191813,-0.38369762,-0.02572265,0.00390000,0.00330000,0.00430000
2006.4723,0.40897682,-0.38440354,-0.02198327,0.00400000,0.00310000,0.00420000
2006.4750,0.41019010,-0.38869780,-0.02847038,0.00430000,0.00330000,0.00460000
2006.4778,0.41313913,-0.38540394,-0.03618175,0.00410000,0.00350000,0.00450000
2006.4805,0.40756538,-0.38374994,-0.03194996,0.00400000,0.00350000,0.00450000
2006.4832,0.40737681,-0.38179556,-0.02436353,0.00410000,0.00330000,0.00430000
2006.4860,0.40608268,-0.38605453,-0.01941039,0.00430000,0.00350000,0.00465000
2006.4887,0.40893895,-0.38771869,-0.02660871,0.00420000,0.00360000,0.00450000
2006.4914,0.41152477,-0.38231655,-0.02832206,0.00460000,0.00390000,0.00510000
2006.4942,0.40648329,-0.38767570,-0.02631477,0.00440000,0.00360000,0.00450000
2006.4969,0.41288318,-0.38375611,-0.02590970,0.00400000,0.00340000,0.00450000
2006.4997,0.40675357,-0.38108488,-0.01823977,0.00390000,0.00310000,0.00440000
2006.5024,0.41568599,-0.38435451,-0.01825017,0.00415000,0.00330000,0.00445000
2006.5051,0.40741856,-0.38276504,-0.02172826,0.00420000,0.00340000,0.00460000
2006.5079,0.40579766,-0.38862289,-0.01920104,0.00440000,0.00350000,0.00470000
2006.5106,0.41038822,-0.38703343,-0.02772934,0.00420000,0.00340000,0.00450000
2006.5133,0.41162960,-0.38347762,-0.02291998,0.00435000,0.00355000,0.00475000
2006.5161,0.40990051,-0.38722590,-0.02487793,0.00450000,0.00345000,0.00480000
2006.5188,0.41018292,-0.38555404,-0.02560267,0.00440000,0.00360000,0.00490000
2006.5216,0.41785157,-0.38729788,-0.02717912,0.00460000,0.00365000,0.00490000
2006.5243,0.41285665,-0.39407209,-0.02460649,0.00460000,0.00395000,0.00495000
2006.5270,0.41291657,-0.38869097,-0.01720015,0.00450000,0.00340000,0.00460000
2006.5298,0.40642160,-0.38789713,-0.02229153,0.00470000,0.00370000,0.00520000
2006.5325,0.41357718,-0.38520767,-0.02729128,0.00425000,0.00330000,0.00460000
2006.5352,0.41085010,-0.38455745,-0.02211467,0.00415000,0.00320000,0.00455000
2006.5380,0.41366985,-0.38557712,-0.02003034,0.00430000,0.00320000,0.00465000
2006.5435,0.40311733,-0.38734623,-0.02813719,0.00420000,0.00310000,0.00500000
2006.5462,0.40906998,-0.38603723,-0.02673124,0.00400000,0.00285000,0.00445000
2006.5489,0.41193997,-0.38415976,-0.02315887,0.00395000,0.00280000,0.00455000
2006.5517,0.40904552,-0.37972908,-0.02512160,0.00410000,0.00325000,0.00455000
2006.5544,0.41555655,-0.39031800,-0.02884671,0.00430000,0.00325000,0.00460000
2006.5572,0.40499393,-0.38930774,-0.02852255,0.00470000,0.00350000,0.00500000
2006.5599,0.41052872,-0.38940734,-0.02392488,0.00410000,0.00320000,0.00495000
2006.5626,0.40649410,-0.38645518,-0.02648027,0.00405000,0.00325000,0.00455000
2006.5654,0.40573101,-0.38727232,-0.03250117,0.00450000,0.00370000,0.00480000
2006.5681,0.40770178,-0.38729340,-0.02795161,0.00435000,0.00345000,0.00450000
2006.5708,0.40593196,-0.37956313,-0.02854798,0.00420000,0.00350000,0.00460000
2006.5736,0.40654598,-0.38525452,-0.03223411,0.00405000,0.00300000,0.00435000
2006.5763,0.41483174,-0.38171466,-0.02298477,0.00400000,0.00310000,0.00430000
2006.5791,0.41374616,-0.38421658,-0.02390768,0.00420000,0.00330000,0.00460000
2006.5818,0.41026788,-0.38748681,-0.02853337,0.00400000,0.00300000,0.00430000
2006.5845,0.41305349,-0.38435763,-0.02556760,0.00395000,0.00325000,0.00425000
2006.5873,0.40820089,-0.38529390,-0.01980312,0.00400000,0.00335000,0.00430000
2006.5900,0.40877410,-0.38978966,-0.01959251,0.00450000,0.00350000,0.00480000
2006.5927,0.40599738,-0.38666809,-0.01927897,0.00405000,0.00325000,0.00455000
2006.5955,0.41396037,-0.38370551,-0.02421760,0.00405000,0.00305000,0.00435000
2006.5982,0.41095383,-0.38585883,-0.02291702,0.00400000,0.00300000,0.00430000
2006.6010,0.41361284,-0.38895266,-0.02715445,0.00410000,0.00330000,0.00440000
2006.6037,0.41471395,-0.38584040,-0.03268246,0.00410000,0.00345000,0.00440000
2006.6064,0.40625359,-0.38593762,-0.01655191,0.00420000,0.00320000,0.00450000
2006.6092,0.41428633,-0.38351845,-0.02422031,0.00435000,0.00340000,0.00470000
2006.6119,0.41266626,-0.38518553,-0.03098408,0.00410000,0.00330000,0.00450000
2006.6146,0.40608997,-0.39106037,-0.02187845,0.00410000,0.00320000,0.00430000
2006.6174,0.41575446,-0.39277044,-0.02657339,0.00375000,0.00290000,0.00400000
2006.6201,0.41638365,-0.38564510,-0.02661360,0.00420000,0.00350000,0.00450000
2006.6229,0.40881752,-0.39126124,-0.02827887,0.00420000,0.00340000,0.00450000
2006.6256,0.40907965,-0.38743134,-0.03500628,0.00410000,0.00320000,0.00450000
2006.6283,0.41720110,-0.38775119,-0.03554086,0.00410000,0.00310000,0.00440000
2006.6311,0.41417769,-0.38618807,-0.03866474,0.00400000,0.00320000,0.00435000
2006.6338,0.41540122,-0.38671109,-0.03620842,0.00380000,0.00320000,0.00420000
2006.6366,0.41634797,-0.38399073,-0.02775562,0.00400000,0.00310000,0.00430000
2006.6393,0.41263587,-0.39302725,-0.03132146,0.00390000,0.00320000,0.00420000
2006.6420,0.41511211,-0.39235846,-0.02860964,0.00410000,0.00340000,0.00480000
2006.6448,0.41508806,-0.38657550,-0.03333842,0.00420000,0.00320000,0.00450000
2006.6475,0.41454373,-0.38907116,-0.02576717,0.00400000,0.00330000,0.00440000
2006.6502,0.41956894,-0.38729038,-0.03556689,0.00420000,0.00320000,0.00450000
2006.6530,0.41379142,-0.39313920,-0.02966506,0.00400000,0.00320000,0.00430000
2006.6557,0.41845676,-0.39345046,-0.03198642,0.00410000,0.00320000,0.00420000
2006.6612,0.41284370,-0.39190656,-0.03054863,0.00415000,0.00320000,0.00455000
2006.6639,0.41183129,-0.38555390,-0.02614428,0.00435000,0.00355000,0.00470000
2006.6694,0.42142663,-0.38223978,-0.02013358,0.00430000,0.00330000,0.00460000
2006.6721,0.41799119,-0.38681761,-0.02462070,0.00390000,0.00310000,0.00430000
2006.6749,0.42276424,-0.39138070,-0.03384848,0.00425000,0.00325000,0.00475000
2006.6776,0.41420215,-0.38794065,-0.02982243,0.00405000,0.00315000,0.00430000
2006.6804,0.41346801,-0.39570015,-0.02777166,0.00425000,0.00310000,0.00450000
2006.6831,0.41781212,-0.38808396,-0.03094442,0.00420000,0.00320000,0.00440000
2006.6858,0.41663416,-0.38656049,-0.02967107,0.00430000,0.00320000,0.00450000
2006.6886,0.41637070,-0.38874685,-0.02689169,0.00430000,0.00340000,0.00460000
2006.6913,0.41501179,-0.38920215,-0.02808633,0.00400000,0.00310000,0.00450000
2006.6940,0.41762605,-0.38906813,-0.02232762,0.00400000,0.00300000,0.00430000
2006.6968,0.41206950,-0.38896087,-0.02508340,0.00380000,0.00300000,0.00420000
2006.6995,0.41791006,-0.38993270,-0.02491729,0.00360000,0.00290000,0.00430000
2006.7023,0.41512238,-0.38669240,-0.03375693,0.00405000,0.00325000,0.00430000
2006.7050,0.41780549,-0.39100817,-0.03812750,0.00410000,0.00350000,0.00470000
2006.7077,0.41641519,-0.39329036,-0.03631999,0.00400000,0.00330000,0.00465000
2006.7105,0.42003394,-0.39404819,-0.03008391,0.00400000,0.00320000,0.00425000
2006.7132,0.41883598,-0.39242120,-0.03124532,0.00390000,0.00300000,0.00420000
2006.7159,0.41701153,-0.39581200,-0.03420786,0.00390000,0.00300000,0.00410000
2006.7187,0.41301316,-0.38735931,-0.02100382,0.00390000,0.00310000,0.00420000
2006.7214,0.41781731,-0.39368076,-0.03012866,0.00385000,0.00315000,0.00435000
2006.7242,0.41753041,-0.38962271,-0.02927413,0.00370000,0.00290000,0.00430000
2006.7269,0.41503396,-0.38987320,-0.03080305,0.00410000,0.00310000,0.00440000
2006.7296,0.41827514,-0.39316296,-0.03675806,0.00385000,0.00300000,0.00410000
2006.7324,0.41761167,-0.39343671,-0.03723601,0.00370000,0.00290000,0.00410000
2006.7351,0.41874111,-0.38919107,-0.04333148,0.00390000,0.00340000,0.00420000
2006.7379,0.41791841,-0.39653351,-0.03045694,0.00410000,0.00320000,0.00440000
2006.7406,0.41927215,-0.38727252,-0.03115768,0.00410000,0.00310000,0.00430000
2006.7433,0.42485143,-0.39540446,-0.03424709,0.00410000,0.00350000,0.00440000
2006.7461,0.41688883,-0.39348909,-0.03318351,0.00405000,0.00320000,0.00430000
2006.7488,0.42196470,-0.39342341,-0.03730429,0.00415000,0.00320000,0.00450000
2006.7515,0.42144557,-0.39177575,-0.03745960,0.00430000,0.00330000,0.00470000
2006.7543,0.41480151,-0.39448160,-0.03463646,0.00440000,0.00330000,0.00460000
2006.7570,0.41521207,-0.39428983,-0.04007551,0.00430000,0.00320000,0.00460000
2006.7598,0.42463507,-0.39822145,-0.03526096,0.00470000,0.00350000,0.00490000
2006.7625,0.42150366,-0.39555195,-0.03176288,0.00400000,0.00310000,0.00440000
2006.7652,0.41284744,-0.39309031,-0.04195178,0.00425000,0.00330000,0.00460000
2006.7680,0.41969873,-0.39644088,-0.03429923,0.00395000,0.00315000,0.00430000
2006.7707,0.42005555,-0.39846362,-0.03873983,0.00380000,0.00320000,0.00410000
2006.7734,0.42130552,-0.39467672,-0.03968714,0.00380000,0.00300000,0.00420000
2006.7762,0.41900303,-0.39178522,-0.03498182,0.00420000,0.00310000,0.00450000
2006.7789,0.42345637,-0.39574452,-0.04416850,0.00380000,0.00325000,0.00425000
2006.7817,0.41511326,-0.39469225,-0.02554948,0.00385000,0.00285000,0.00420000
2006.7844,0.41820282,-0.39490522,-0.03499717,0.00400000,0.00320000,0.00455000
2006.7871,0.41464399,-0.39287198,-0.03679648,0.00430000,0.00360000,0.00440000
2006.7899,0.42094948,-0.39383442,-0.03690316,0.00395000,0.00320000,0.00430000
2006.7926,0.42443270,-0.39326384,-0.03571473,0.00425000,0.00325000,0.00460000
2006.7953,0.42083608,-0.39364565,-0.03554017,0.00420000,0.00340000,0.00460000
2006.7981,0.42621406,-0.39284780,-0.04165694,0.00415000,0.00340000,0.00440000
2006.8008,0.42124798,-0.39241930,-0.03681150,0.00425000,0.00340000,0.00460000
2006.8036,0.42622591,-0.39833902,-0.03903549,0.00385000,0.00310000,0.00420000
2006.8063,0.42353343,-0.38993296,-0.03753654,0.00395000,0.00305000,0.00435000
2006.8090,0.42187386,-0.39050527,-0.03497417,0.00400000,0.00300000,0.00420000
2006.8118,0.42227764,-0.39260459,-0.03310119,0.00380000,0.00290000,0.00430000
2006.8145,0.42097570,-0.38714146,-0.04133101,0.00425000,0.00340000,0.00465000
2006.8172,0.42257390,-0.39221136,-0.04180365,0.00425000,0.00340000,0.00460000
2006.8200,0.42388979,-0.39121812,-0.02519353,0.00410000,0.00300000,0.00440000
2006.8227,0.42249974,-0.38912827,-0.03435188,0.00360000,0.00280000,0.00390000
2006.8255,0.42312139,-0.38919464,-0.02914057,0.00365000,0.00295000,0.00410000
2006.8282,0.42587808,-0.38714913,-0.03509119,0.00400000,0.00320000,0.00440000
2006.8309,0.41902708,-0.39159856,-0.03312307,0.00370000,0.00310000,0.00420000
2006.8337,0.42432604,-0.39488252,-0.02683511,0.00380000,0.00290000,0.00400000
2006.8364,0.42139622,-0.39837388,-0.02733431,0.00370000,0.00300000,0.00430000
2006.8392,0.42057110,-0.39523312,-0.03358936,0.00360000,0.00310000,0.00410000
2006.8419,0.42352805,-0.39335982,-0.03791548,0.00390000,0.00330000,0.00430000
2006.8446,0.42571449,-0.39143644,-0.03101323,0.00410000,0.00330000,0.00430000
2006.8474,0.42212516,-0.39244294,-0.03962326,0.00370000,0.00290000,0.00410000
2006.8501,0.42074248,-0.39244489,-0.03282887,0.00400000,0.00310000,0.00430000
2006.8528,0.42496920,-0.39428154,-0.02826716,0.00390000,0.00290000,0.00430000
2006.8556,0.42258757,-0.39359351,-0.03084246,0.00400000,0.00300000,0.00420000
2006.8583,0.41899056,-0.39656145,-0.03718495,0.00410000,0.00300000,0.00440000
2006.8611,0.42262089,-0.38985055,-0.04463994,0.00390000,0.00320000,0.00430000
2006.8638,0.42096769,-0.39385350,-0.03400557,0.00420000,0.00325000,0.00460000
2006.8665,0.42196395,-0.39483105,-0.03603729,0.00430000,0.00340000,0.00450000
2006.8693,0.42205804,-0.39288538,-0.04397166,0.00450000,0.00360000,0.00475000
2006.8720,0.42424381,-0.39473594,-0.03281204,0.00470000,0.00360000,0.00510000
2006.8747,0.42238501,-0.39853140,-0.03113445,0.00390000,0.00320000,0.00420000
2006.8775,0.41894755,-0.39425954,-0.02853903,0.00390000,0.00305000,0.00420000
2006.8802,0.42183753,-0.39579447,-0.03748581,0.00390000,0.00305000,0.00425000
2006.8830,0.42305531,-0.39290313,-0.04063856,0.00370000,0.00280000,0.00405000
2006.8857,0.42641608,-0.39569936,-0.03791278,0.00390000,0.00310000,0.00420000
2006.8884,0.42655321,-0.39686942,-0.03687141,0.00365000,0.00280000,0.00410000
2006.8912,0.42250393,-0.39699322,-0.03859382,0.00385000,0.00300000,0.00420000
2006.8939,0.41847512,-0.39495702,-0.04600049,0.00385000,0.00290000,0.00420000
2006.8966,0.42503844,-0.39362106,-0.04590917,0.00420000,0.00330000,0.00460000
2006.8994,0.42723507,-0.39735967,-0.03162666,0.00400000,0.00320000,0.00420000
2006.9021,0.42456579,-0.39625755,-0.03468946,0.00400000,0.00305000,0.00430000
2006.9049,0.42347484,-0.39762012,-0.03652930,0.00375000,0.00290000,0.00420000
2006.9076,0.42556762,-0.39512996,-0.03244634,0.00390000,0.00315000,0.00445000
2006.9103,0.42379617,-0.39227465,-0.03848137,0.00390000,0.00290000,0.00430000
2006.9131,0.42204109,-0.39517618,-0.04391802,0.00380000,0.00305000,0.00410000
2006.9158,0.42632798,-0.39366713,-0.03617058,0.00375000,0.00305000,0.00410000
2006.9185,0.42304576,-0.39560643,-0.04226379,0.00380000,0.00290000,0.00415000
2006.9213,0.42574600,-0.39826688,-0.03873705,0.00390000,0.00310000,0.00430000
2006.9240,0.42372730,-0.40173019,-0.03641963,0.00380000,0.00285000,0.00410000
2006.9268,0.42118870,-0.39800854,-0.03414976,0.00370000,0.00285000,0.00400000
2006.9295,0.42002915,-0.39883933,-0.03392244,0.00360000,0.00260000,0.00390000
2006.9322,0.42074165,-0.39598322,-0.03957716,0.00370000,0.00300000,0.00410000
2006.9350,0.42479692,-0.39892666,-0.03969863,0.00370000,0.00290000,0.00395000
2006.9377,0.42641431,-0.39615263,-0.03440485,0.00360000,0.00280000,0.00400000
2006.9405,0.42592211,-0.39553109,-0.02811560,0.00410000,0.00340000,0.00460000
2006.9432,0.42777403,-0.39968085,-0.03468804,0.00430000,0.00340000,0.00450000
2006.9459,0.43088638,-0.39971291,-0.03024240,0.00390000,0.00310000,0.00420000
2006.9487,0.42549755,-0.39836792,-0.03534487,0.00360000,0.00310000,0.00410000
2006.9514,0.42599736,-0.39362964,-0.03745286,0.00400000,0.00300000,0.00420000
2006.9541,0.42447071,-0.39532959,-0.03119067,0.00380000,0.00310000,0.00420000
2006.9569,0.42692096,-0.39972636,-0.03517838,0.00400000,0.00310000,0.00440000
2006.9596,0.42316412,-0.39425421,-0.03147040,0.00410000,0.00310000,0.00440000
2006.9624,0.42501038,-0.39482756,-0.03997348,0.00385000,0.00295000,0.00425000
2006.9651,0.43061499,-0.39588511,-0.03110767,0.00360000,0.00290000,0.00395000
2006.9678,0.42746429,-0.39834530,-0.03277306,0.00375000,0.00275000,0.00415000
2006.9706,0.42482004,-0.39926001,-0.03141601,0.00365000,0.00280000,0.00400000
2006.9733,0.42339885,-0.39765997,-0.03160647,0.00355000,0.00285000,0.00405000
2006.9760,0.42376093,-0.39359187,-0.03550369,0.00400000,0.00320000,0.00440000
2006.9788,0.42871668,-0.39724021,-0.03622737,0.00330000,0.00270000,0.00395000
2006.9815,0.42375803,-0.40048586,-0.02549399,0.00365000,0.00265000,0.00405000
2006.9843,0.42636772,-0.40081390,-0.02933471,0.00370000,0.00275000,0.00395000
2006.9870,0.42430652,-0.39992601,-0.03006950,0.00370000,0.00270000,0.00400000
2006.9897,0.42687761,-0.40051594,-0.02597447,0.00430000,0.00340000,0.00450000
2006.9925,0.42817401,-0.40054842,-0.02584355,0.00380000,0.00260000,0.00410000
2006.9952,0.42628345,-0.40031503,-0.02544432,0.00385000,0.00285000,0.00405000
2006.9979,0.42603137,-0.40053529,-0.03105053,0.00370000,0.00260000,0.00405000
2007.0007,0.42287178,-0.39979314,-0.02634016,0.00360000,0.00260000,0.00390000
2007.0034,0.42770881,-0.39932438,-0.03564518,0.00370000,0.00310000,0.00420000
2007.0062,0.42459074,-0.39748449,-0.04076824,0.00400000,0.00330000,0.00440000
2007.0089,0.42391675,-0.39901790,-0.03599817,0.00400000,0.00295000,0.00430000
2007.0116,0.42554582,-0.40058411,-0.03712116,0.00385000,0.00280000,0.00415000
2007.0144,0.42768213,-0.40283014,-0.03831485,0.00390000,0.00335000,0.00425000
2007.0171,0.42381399,-0.40005298,-0.03202509,0.00390000,0.00300000,0.00420000
2007.0198,0.42874747,-0.40058296,-0.03686299,0.00380000,0.00280000,0.00410000
2007.0226,0.42300628,-0.40317581,-0.03133537,0.00380000,0.00310000,0.00410000
2007.0253,0.42581163,-0.39603749,-0.04408424,0.00370000,0.00280000,0.00400000
2007.0281,0.42834636,-0.40335316,-0.04273575,0.00380000,0.00260000,0.00400000
2007.0308,0.43239259,-0.40089748,-0.03830634,0.00400000,0.00280000,0.00425000
2007.0335,0.42776198,-0.40285221,-0.02901880,0.00390000,0.00290000,0.00425000
2007.0363,0.42910897,-0.39872834,-0.02937441,0.00360000,0.00260000,0.00395000
2007.0390,0.42925009,-0.40322267,-0.03178228,0.00340000,0.00260000,0.00360000
2007.0418,0.42716340,-0.40023792,-0.02637698,0.00330000,0.00270000,0.00380000
2007.0445,0.42706746,-0.39741846,-0.03600328,0.00360000,0.00280000,0.00380000
2007.0472,0.42715341,-0.40094289,-0.03252060,0.00360000,0.00280000,0.00380000
2007.0500,0.42395080,-0.39884071,-0.04121250,0.00355000,0.00280000,0.00370000
2007.0527,0.42926937,-0.39660100,-0.03267958,0.00380000,0.00305000,0.00410000
2007.0554,0.42458378,-0.40037633,-0.03458993,0.00385000,0.00280000,0.00400000
2007.0582,0.42941165,-0.39944727,-0.03370462,0.00350000,0.00280000,0.00400000
2007.0609,0.42463999,-0.39978390,-0.02709897,0.00360000,0.00290000,0.00420000
2007.0637,0.42943293,-0.40163787,-0.03405075,0.00350000,0.00260000,0.00400000
2007.0664,0.42451276,-0.40262850,-0.04112926,0.00320000,0.00280000,0.00380000
2007.0691,0.42631054,-0.40185421,-0.02447371,0.00355000,0.00275000,0.00390000
2007.0719,0.42931388,-0.40088248,-0.02828256,0.00340000,0.00250000,0.00370000
2007.0746,0.42802252,-0.40027195,-0.03347047,0.00360000,0.00260000,0.00380000
2007.0773,0.43155539,-0.39891264,-0.02993816,0.00370000,0.00280000,0.00390000
2007.0801,0.43419085,-0.40146223,-0.02475708,0.00370000,0.00280000,0.00390000
2007.0828,0.42860270,-0.40405471,-0.03333649,0.00365000,0.00300000,0.00395000
2007.0856,0.42898555,-0.40469453,-0.03431493,0.00350000,0.00270000,0.00420000
2007.0883,0.42926042,-0.39890878,-0.02930217,0.00360000,0.00280000,0.00370000
2007.0910,0.43285261,-0.39946651,-0.03077330,0.00325000,0.00250000,0.00355000
2007.0938,0.42939629,-0.39680755,-0.03282503,0.00350000,0.00270000,0.00380000
2007.0965,0.42678807,-0.40206890,-0.02657678,0.00335000,0.00265000,0.00360000
2007.0992,0.43190491,-0.40011506,-0.02515498,0.00340000,0.00280000,0.00370000
2007.1020,0.42783848,-0.40364076,-0.02589278,0.00345000,0.00255000,0.00380000
2007.1047,0.42985104,-0.40598923,-0.03204282,0.00340000,0.00270000,0.00370000
2007.1075,0.43517363,-0.40154323,-0.03074431,0.00370000,0.00300000,0.00410000
2007.1102,0.43131520,-0.39891841,-0.03432882,0.00375000,0.00290000,0.00400000
2007.1129,0.42990530,-0.39868503,-0.02603487,0.00350000,0.00260000,0.00390000
2007.1157,0.42995971,-0.40514553,-0.03327139,0.00390000,0.00310000,0.00430000
2007.1184,0.42699266,-0.39991343,-0.03403362,0.00350000,0.00270000,0.00390000
2007.1211,0.43159015,-0.40080280,-0.02561826,0.00330000,0.00275000,0.00380000
2007.1239,0.43389557,-0.40039351,-0.02936640,0.00350000,0.00295000,0.00385000
2007.1266,0.43090870,-0.40342259,-0.02127772,0.00365000,0.00300000,0.00390000
2007.1294,0.42925450,-0.40382383,-0.02918930,0.00360000,0.00300000,0.00400000
2007.1321,0.43116801,-0.39722541,-0.02615281,0.00355000,0.00270000,0.00375000
2007.1348,0.42978944,-0.40247952,-0.03074427,0.00370000,0.00270000,0.00390000
2007.1403,0.42897537,-0.40028295,-0.03369535,0.00360000,0.00280000,0.00390000
2007.1431,0.42788170,-0.39998164,-0.04104363,0.00345000,0.00265000,0.00375000
2007.1458,0.42946837,-0.40088475,-0.03750580,0.00370000,0.00270000,0.00395000
2007.1485,0.42576129,-0.40184680,-0.03239310,0.00410000,0.00320000,0.00420000
2007.1513,0.43165304,-0.40198026,-0.03422642,0.00360000,0.00270000,0.00370000
2007.1540,0.42929114,-0.40112311,-0.04056508,0.00365000,0.00280000,0.00400000
2007.1567,0.43193242,-0.40764120,-0.03846052,0.00360000,0.00280000,0.00370000
2007.1595,0.43430417,-0.40103516,-0.04427940,0.00350000,0.00280000,0.00400000
2007.1622,0.43036206,-0.40468795,-0.04215399,0.00365000,0.00285000,0.00395000
2007.1650,0.43171217,-0.40714114,-0.05269155,0.00340000,0.00285000,0.00380000
2007.1677,0.43378943,-0.40273769,-0.04932357,0.00335000,0.00285000,0.00385000
2007.1704,0.43301504,-0.40613726,-0.04802054,0.00340000,0.00260000,0.00365000
2007.1732,0.43499994,-0.39977795,-0.04760936,0.00340000,0.00250000,0.00360000
2007.1814,0.43520061,-0.40599408,-0.03712599,0.00375000,0.00290000,0.00405000
2007.1841,0.43049088,-0.40034322,-0.04362594,0.00360000,0.00280000,0.00400000
2007.1869,0.42765625,-0.40586246,-0.03007448,0.00360000,0.00275000,0.00390000
2007.1896,0.43027765,-0.41114220,-0.04183869,0.00390000,0.00280000,0.00400000
2007.1923,0.43168917,-0.40355576,-0.03204780,0.00350000,0.00280000,0.00390000
2007.1951,0.43202025,-0.40663433,-0.02960082,0.00360000,0.00290000,0.00395000
2007.1978,0.43245599,-0.39968944,-0.03540554,0.00360000,0.00280000,0.00390000
2007.2005,0.43130301,-0.40513598,-0.03844677,0.00350000,0.00280000,0.00395000
2007.2033,0.43457355,-0.40566826,-0.04045663,0.00360000,0.00280000,0.00400000
2007.2060,0.43395328,-0.40503091,-0.03630598,0.00375000,0.00300000,0.00400000
2007.2088,0.43612588,-0.40580401,-0.04132517,0.00350000,0.00275000,0.00390000
2007.2115,0.43095294,-0.40276896,-0.04242254,0.00370000,0.00300000,0.00400000
2007.2142,0.42655192,-0.40313284,-0.03006808,0.00375000,0.00295000,0.00400000
2007.2170,0.43544646,-0.40763664,-0.04371851,0.00395000,0.00320000,0.00435000
2007.2197,0.43365895,-0.40173253,-0.04004402,0.00380000,0.00300000,0.00410000
2007.2225,0.43876234,-0.40282633,-0.03158792,0.00390000,0.00320000,0.00420000
2007.2252,0.43406519,-0.40560918,-0.03790969,0.00390000,0.00315000,0.00410000
2007.2279,0.43545310,-0.40462134,-0.03223874,0.00360000,0.00290000,0.00390000
2007.2307,0.43094057,-0.40470501,-0.02789638,0.00375000,0.00305000,0.00410000
2007.2334,0.43549048,-0.40197496,-0.03362925,0.00365000,0.00310000,0.00410000
2007.2361,0.43533534,-0.40185261,-0.03534360,0.00415000,0.00335000,0.00440000
2007.2389,0.43740354,-0.40215081,-0.03047810,0.00370000,0.00310000,0.00410000
2007.2416,0.43383236,-0.40346442,-0.03122713,0.00360000,0.00280000,0.00390000
2007.2444,0.43170407,-0.40149896,-0.03841302,0.00345000,0.00280000,0.00380000
2007.2471,0.43632627,-0.40040767,-0.03074922,0.00330000,0.00250000,0.00380000
2007.2498,0.42881797,-0.40272707,-0.03219443,0.00340000,0.00270000,0.00380000
2007.2526,0.43930699,-0.40165498,-0.03956286,0.00355000,0.00270000,0.00400000
2007.2553,0.43332136,-0.40082271,-0.03683647,0.00350000,0.00280000,0.00390000
2007.2580,0.43273665,-0.39982316,-0.02321540,0.00355000,0.00270000,0.00400000
2007.2608,0.43358182,-0.40028385,-0.03320765,0.00345000,0.00275000,0.00405000
2007.2635,0.43219870,-0.39813315,-0.02883181,0.00390000,0.00290000,0.00410000
2007.2663,0.42969131,-0.39810087,-0.03033826,0.00380000,0.00310000,0.00410000
2007.2690,0.42989489,-0.39554843,-0.03377177,0.00390000,0.00300000,0.00420000
2007.2717,0.43699517,-0.40563195,-0.04321578,0.00360000,0.00280000,0.00410000
2007.2745,0.43406738,-0.40050553,-0.03544261,0.00370000,0.00290000,0.00420000
2007.2772,0.43377126,-0.40516286,-0.03281856,0.00360000,0.00270000,0.00400000
2007.2799,0.43670745,-0.40224527,-0.02857494,0.00380000,0.00280000,0.00430000
2007.2827,0.43415714,-0.40361785,-0.03721304,0.00370000,0.00290000,0.00400000
2007.2854,0.43732435,-0.39957706,-0.02852456,0.00365000,0.00280000,0.00400000
2007.2882,0.43177976,-0.40478717,-0.03627296,0.00400000,0.00340000,0.00460000
2007.2909,0.43686688,-0.40506434,-0.03778452,0.00385000,0.00310000,0.00410000
2007.2936,0.43496776,-0.40086362,-0.03017906,0.00350000,0.00310000,0.00400000
2007.2964,0.43663812,-0.40186811,-0.03436452,0.00360000,0.00280000,0.00405000
2007.2991,0.43602520,-0.39913660,-0.03677739,0.00350000,0.00280000,0.00390000
2007.3018,0.43226822,-0.40055590,-0.04337010,0.00370000,0.00300000,0.00410000
2007.3046,0.43762354,-0.40397990,-0.04248767,0.00365000,0.00285000,0.00410000
2007.3073,0.42934689,-0.40156161,-0.03295927,0.00405000,0.00310000,0.00440000
2007.3101,0.43390304,-0.40583090,-0.03405791,0.00405000,0.00315000,0.00435000
2007.3128,0.43663164,-0.40517833,-0.03627898,0.00380000,0.00315000,0.00415000
2007.3155,0.43068106,-0.40426031,-0.03436664,0.00375000,0.00310000,0.00410000
2007.3183,0.43025429,-0.40762063,-0.03282080,0.00360000,0.00310000,0.00410000
2007.3210,0.43293301,-0.40328122,-0.03319327,0.00350000,0.00280000,0.00400000
2007.3238,0.43507118,-0.40210202,-0.03718043,0.00375000,0.00295000,0.00400000
2007.3265,0.43155962,-0.40542064,-0.04187569,0.00330000,0.00280000,0.00380000
2007.3292,0.43521849,-0.40323733,-0.03593358,0.00340000,0.00270000,0.00380000
2007.3320,0.43515162,-0.40658965,-0.04597186,0.00370000,0.00290000,0.00410000
2007.3347,0.43745189,-0.40604259,-0.04353701,0.00400000,0.00350000,0.00440000
2007.3374,0.43651569,-0.40518223,-0.04007422,0.00360000,0.00290000,0.00435000
2007.3402,0.43247913,-0.40611986,-0.03413060,0.00335000,0.00275000,0.00400000
2007.3429,0.43780378,-0.40620166,-0.03904960,0.00350000,0.00290000,0.00400000
2007.3457,0.43459436,-0.40331060,-0.03472468,0.00360000,0.00295000,0.00405000
2007.3484,0.43814512,-0.40265218,-0.04051119,0.00360000,0.00285000,0.00400000
2007.3511,0.43422665,-0.40539820,-0.03569346,0.00380000,0.00280000,0.00400000
2007.3539,0.43809113,-0.40131620,-0.03513637,0.00340000,0.00270000,0.00380000
2007.3566,0.43724590,-0.40644821,-0.03857483,0.00375000,0.00295000,0.00405000
2007.3593,0.43525034,-0.40766460,-0.02848032,0.00370000,0.00285000,0.00400000
2007.3621,0.43697609,-0.40452198,-0.03782757,0.00330000,0.00250000,0.00330000
2007.3648,0.43964041,-0.40397673,-0.03015030,0.00245000,0.00185000,0.00265000
2007.3676,0.43915399,-0.40597556,-0.03935551,0.00250000,0.00180000,0.00300000
2007.3703,0.43544444,-0.40465269,-0.02544550,0.00235000,0.00175000,0.00260000
2007.3730,0.43637512,-0.40382579,-0.02015928,0.00240000,0.00195000,0.00270000
2007.3758,0.43903622,-0.40687637,-0.02976462,0.00275000,0.00195000,0.00300000
2007.3785,0.43705842,-0.40599814,-0.02988256,0.00260000,0.00180000,0.00280000
2007.3812,0.43811198,-0.40936006,-0.01769498,0.00360000,0.00270000,0.00390000
2007.3840,0.43687191,-0.40379337,-0.02565784,0.00220000,0.00180000,0.00250000
2007.3867,0.43684693,-0.40341793,-0.02231380,0.00360000,0.00290000,0.00430000
2007.3895,0.44181819,-0.40498281,-0.03042188,0.00370000,0.00315000,0.00420000
2007.3922,0.43672884,-0.40850367,-0.02786362,0.00360000,0.00270000,0.00400000
2007.3949,0.43806626,-0.40812512,-0.02735045,0.00350000,0.00280000,0.00380000
2007.3977,0.43822819,-0.40735801,-0.02571170,0.00375000,0.00295000,0.00405000
2007.4004,0.44022606,-0.40717543,-0.02767691,0.00370000,0.00280000,0.00410000
2007.4031,0.43341598,-0.40538001,-0.02621730,0.00380000,0.00280000,0.00420000
2007.4059,0.43526968,-0.40553993,-0.02960662,0.00340000,0.00260000,0.00380000
2007.4086,0.44002797,-0.40322229,-0.03015319,0.00350000,0.00270000,0.00390000
2007.4114,0.43754463,-0.40652998,-0.03105939,0.00345000,0.00265000,0.00400000
2007.4141,0.43801273,-0.40419010,-0.03905789,0.00380000,0.00300000,0.00420000
2007.4168,0.43877334,-0.40912454,-0.03086437,0.00370000,0.00300000,0.00400000
2007.4196,0.43832661,-0.41228604,-0.02356377,0.00360000,0.00285000,0.00395000
2007.4223,0.44017966,-0.40878964,-0.02228126,0.00380000,0.00290000,0.00405000
2007.4251,0.43848413,-0.41174916,-0.02656680,0.00370000,0.00300000,0.00420000
2007.4278,0.44077222,-0.40686739,-0.02965579,0.00410000,0.00340000,0.00440000
2007.4305,0.43746462,-0.41332960,-0.03106519,0.00370000,0.00300000,0.00415000
2007.4333,0.44329977,-0.41407005,-0.03265716,0.00365000,0.00295000,0.00400000
2007.4360,0.44142708,-0.41195311,-0.03057964,0.00365000,0.00270000,0.00390000
2007.4387,0.43688290,-0.40719644,-0.02691890,0.00380000,0.00310000,0.00410000
2007.4415,0.44110147,-0.40998818,-0.02693067,0.00370000,0.00290000,0.00400000
2007.4442,0.43782705,-0.40768884,-0.03316798,0.00380000,0.00315000,0.00435000
2007.4470,0.44024005,-0.41253788,-0.03403659,0.00385000,0.00320000,0.00425000
2007.4497,0.44066087,-0.41179570,-0.02671507,0.00360000,0.00280000,0.00410000
2007.4524,0.43744766,-0.40954773,-0.02448414,0.00370000,0.00290000,0.00405000
2007.4552,0.43984440,-0.41288265,-0.03062377,0.00370000,0.00305000,0.00405000
2007.4579,0.44193454,-0.40617792,-0.03135157,0.00385000,0.00310000,0.00420000
2007.4606,0.43777316,-0.41134363,-0.03510665,0.00390000,0.00320000,0.00430000
2007.4634,0.43911405,-0.40484469,-0.03487108,0.00370000,0.00300000,0.00400000
2007.4661,0.44137436,-0.40812318,-0.04650658,0.00380000,0.00300000,0.00415000
2007.4689,0.44140562,-0.41101474,-0.04793045,0.00370000,0.00310000,0.00400000
2007.4716,0.43870727,-0.40868491,-0.04271267,0.00380000,0.00305000,0.00420000
2007.4743,0.44157952,-0.41050300,-0.02672096,0.00365000,0.00300000,0.00410000
2007.4771,0.43912042,-0.41042994,-0.02513652,0.00380000,0.00300000,0.00410000
2007.4798,0.43362885,-0.41069450,-0.03244565,0.00375000,0.00295000,0.00410000
2007.4825,0.43857036,-0.41033733,-0.01939392,0.00360000,0.00300000,0.00410000
2007.4853,0.43631023,-0.40793617,-0.02410681,0.00360000,0.00300000,0.00390000
2007.4880,0.43664802,-0.41067047,-0.03017970,0.00370000,0.00295000,0.00405000
2007.4908,0.44103516,-0.40353133,-0.02751610,0.00370000,0.00305000,0.00420000
2007.4935,0.43940262,-0.40811405,-0.03177025,0.00390000,0.00310000,0.00430000
2007.4962,0.43984838,-0.40663177,-0.03161317,0.00360000,0.00290000,0.00395000
2007.4990,0.43926597,-0.41121877,-0.03193738,0.00360000,0.00300000,0.00400000
2007.5017,0.44194356,-0.40817587,-0.03475547,0.00370000,0.00290000,0.00400000
2007.5044,0.43859108,-0.41110154,-0.02987296,0.00370000,0.00290000,0.00410000
2007.5072,0.44311029,-0.41243985,-0.03172148,0.00375000,0.00320000,0.00420000
2007.5099,0.44608726,-0.40607372,-0.02741880,0.00390000,0.00310000,0.00420000
2007.5127,0.43797842,-0.41053112,-0.03363752,0.00405000,0.00320000,0.00445000
2007.5154,0.44102976,-0.41128341,-0.03890742,0.00375000,0.00320000,0.00425000
2007.5181,0.44211308,-0.41027862,-0.03271260,0.00390000,0.00320000,0.00420000
2007.5209,0.44111743,-0.41418631,-0.03049837,0.00390000,0.00325000,0.00435000
2007.5236,0.43974635,-0.40564960,-0.03556262,0.00390000,0.00310000,0.00430000
2007.5264,0.43892678,-0.41256022,-0.02946637,0.00440000,0.00340000,0.00490000
2007.5291,0.44020585,-0.41288671,-0.04318561,0.00385000,0.00320000,0.00415000
2007.5318,0.43915495,-0.41233879,-0.03940924,0.00410000,0.00340000,0.00445000
2007.5346,0.43646541,-0.41177867,-0.03054152,0.00450000,0.00340000,0.00480000
2007.5373,0.44309126,-0.40791809,-0.03151808,0.00430000,0.00370000,0.00470000
2007.5400,0.43610287,-0.41144641,-0.03047511,0.00415000,0.00330000,0.00455000
2007.5428,0.44643827,-0.41388890,-0.02674780,0.00415000,0.00350000,0.00450000
2007.5455,0.43895675,-0.40777237,-0.02759084,0.00400000,0.00330000,0.00440000
2007.5483,0.44228765,-0.40689034,-0.02612124,0.00400000,0.00335000,0.00455000
2007.5510,0.44522476,-0.41138959,-0.02632583,0.00415000,0.00340000,0.00450000
2007.5537,0.44123206,-0.41458273,-0.03410215,0.00435000,0.00375000,0.00495000
2007.5592,0.43761502,-0.41382997,-0.02690145,0.00430000,0.00365000,0.00480000
2007.5619,0.44540136,-0.41094039,-0.01997330,0.00470000,0.00370000,0.00490000
2007.5647,0.44460570,-0.40787693,-0.02562551,0.00430000,0.00350000,0.00460000
2007.5674,0.44035904,-0.40878351,-0.03085004,0.00450000,0.00340000,0.00480000
2007.5702,0.44069339,-0.40973265,-0.02666101,0.00440000,0.00340000,0.00460000
2007.5729,0.43994423,-0.41151043,-0.02794483,0.00410000,0.00330000,0.00440000
2007.5756,0.44114962,-0.41211703,-0.02868776,0.00405000,0.00330000,0.00445000
2007.5784,0.43775469,-0.41002855,-0.02604863,0.00410000,0.00340000,0.00460000
2007.5811,0.43918092,-0.41237450,-0.02825465,0.00430000,0.00355000,0.00480000
2007.5838,0.44078237,-0.40921820,-0.03151381,0.00420000,0.00300000,0.00480000
2007.5866,0.43882103,-0.40976975,-0.03129119,0.00420000,0.00360000,0.00480000
2007.5893,0.43834331,-0.40682613,-0.03366667,0.00385000,0.00305000,0.00420000
2007.5921,0.43756944,-0.41377954,-0.03320636,0.00410000,0.00340000,0.00460000
2007.5948,0.44225004,-0.41177578,-0.03639369,0.00405000,0.00325000,0.00445000
2007.5975,0.44096570,-0.41167291,-0.03613983,0.00405000,0.00330000,0.00450000
2007.6003,0.44018203,-0.41077394,-0.03977040,0.00400000,0.00320000,0.00430000
2007.6030,0.43641257,-0.41570630,-0.02983517,0.00390000,0.00320000,0.00430000
2007.6057,0.43738561,-0.40824713,-0.03157974,0.00390000,0.00320000,0.00430000
2007.6085,0.43781096,-0.41026181,-0.03495466,0.00390000,0.00330000,0.00440000
2007.6112,0.44239385,-0.41004260,-0.03570628,0.00410000,0.00350000,0.00470000
2007.6140,0.43847417,-0.41164928,-0.03631521,0.00455000,0.00360000,0.00485000
2007.6167,0.43901932,-0.41648110,-0.03307359,0.00415000,0.00335000,0.00455000
2007.6194,0.44450990,-0.41095487,-0.02996532,0.00440000,0.00355000,0.00470000
2007.6222,0.44080516,-0.40948827,-0.03275973,0.00435000,0.00350000,0.00495000
2007.6249,0.44190243,-0.41028306,-0.03082029,0.00425000,0.00360000,0.00475000
2007.6277,0.44025009,-0.41190909,-0.03286024,0.00460000,0.00370000,0.00490000
2007.6304,0.43713580,-0.41213731,-0.03440491,0.00435000,0.00365000,0.00480000
2007.6331,0.44120650,-0.41215678,-0.03360640,0.00450000,0.00360000,0.00490000
2007.6359,0.44467020,-0.41224917,-0.03336197,0.00450000,0.00380000,0.00480000
2007.6386,0.44302604,-0.41395628,-0.03100256,0.00390000,0.00320000,0.00430000
2007.6413,0.44317262,-0.41470531,-0.02973408,0.00435000,0.00340000,0.00470000
2007.6441,0.44494350,-0.40894320,-0.02974829,0.00430000,0.00320000,0.00480000
2007.6468,0.44404093,-0.41153687,-0.02536426,0.00425000,0.00340000,0.00465000
2007.6496,0.44444326,-0.41134515,-0.03668807,0.00480000,0.00380000,0.00500000
2007.6523,0.44063603,-0.40872810,-0.02229771,0.00450000,0.00380000,0.00490000
2007.6550,0.44237781,-0.41206881,-0.02769883,0.00415000,0.00330000,0.00450000
2007.6578,0.44224069,-0.41527578,-0.02650373,0.00410000,0.00325000,0.00460000
2007.6605,0.43852267,-0.41266155,-0.02465497,0.00410000,0.00330000,0.00450000
2007.6632,0.44378822,-0.41571048,-0.02830070,0.00470000,0.00390000,0.00510000
2007.6660,0.43712512,-0.41350730,-0.02348268,0.00445000,0.00370000,0.00480000
2007.6687,0.43975045,-0.41154202,-0.02625049,0.00415000,0.00340000,0.00450000
2007.6715,0.44611549,-0.41471947,-0.03218915,0.00420000,0.00355000,0.00465000
2007.6742,0.44030517,-0.41292374,-0.03772948,0.00420000,0.00350000,0.00450000
2007.6769,0.44072542,-0.41809430,-0.03063323,0.00460000,0.00400000,0.00500000
2007.6797,0.43910503,-0.41028506,-0.02064926,0.00425000,0.00350000,0.00475000
2007.6824,0.44655888,-0.41477074,-0.02716308,0.00400000,0.00330000,0.00440000
2007.6851,0.44477876,-0.41209371,-0.02597472,0.00375000,0.00320000,0.00450000
2007.6879,0.44741946,-0.41112940,-0.03454162,0.00410000,0.00315000,0.00440000
2007.6906,0.44244132,-0.41373254,-0.03228246,0.00430000,0.00350000,0.00460000
2007.6934,0.44053243,-0.42009136,-0.02897842,0.00435000,0.00385000,0.00470000
2007.6961,0.44101980,-0.41395386,-0.03209788,0.00410000,0.00330000,0.00460000
2007.6988,0.44349122,-0.41471797,-0.03165361,0.00430000,0.00350000,0.00460000
2007.7016,0.44527705,-0.41253343,-0.03804154,0.00370000,0.00290000,0.00430000
2007.7043,0.44421130,-0.40931816,-0.03923184,0.00400000,0.00340000,0.00450000
2007.7070,0.44398243,-0.41421472,-0.04195845,0.00410000,0.00340000,0.00450000
2007.7098,0.44566784,-0.41496184,-0.03335608,0.00400000,0.00340000,0.00450000
2007.7125,0.44223530,-0.40847441,-0.03720637,0.00405000,0.00330000,0.00440000
2007.7153,0.44243838,-0.41313035,-0.03395554,0.00390000,0.00290000,0.00420000
2007.7180,0.44735542,-0.41164509,-0.03469203,0.00390000,0.00300000,0.00410000
2007.7207,0.44780423,-0.41219814,-0.03314883,0.00435000,0.00355000,0.00460000
2007.7235,0.44506507,-0.41416897,-0.02885119,0.00400000,0.00320000,0.00460000
2007.7262,0.44976358,-0.41083495,-0.03231939,0.00480000,0.00340000,0.00530000
2007.7290,0.44332882,-0.40761901,-0.02839520,0.00400000,0.00330000,0.00440000
2007.7317,0.44771801,-0.41056399,-0.03661234,0.00410000,0.00310000,0.00440000
2007.7344,0.44373749,-0.40918452,-0.03922836,0.00385000,0.00315000,0.00415000
2007.7372,0.44607980,-0.41483445,-0.03714387,0.00385000,0.00315000,0.00420000
2007.7399,0.44678588,-0.41354742,-0.03104319,0.00390000,0.00330000,0.00430000
2007.7426,0.44299301,-0.41026331,-0.03117385,0.00400000,0.00350000,0.00460000
2007.7454,0.44029891,-0.40945756,-0.02092701,0.00390000,0.00320000,0.00430000
2007.7481,0.44692322,-0.41859800,-0.02717825,0.00370000,0.00290000,0.00400000
2007.7509,0.44450916,-0.41089218,-0.02716246,0.00400000,0.00310000,0.00440000
2007.7536,0.44810091,-0.41402262,-0.03064265,0.00390000,0.00320000,0.00430000
2007.7563,0.44655629,-0.41254532,-0.02270637,0.00380000,0.00310000,0.00430000
2007.7591,0.44664098,-0.41291772,-0.02901864,0.00390000,0.00330000,0.00440000
2007.7618,0.45112648,-0.41556280,-0.02470368,0.00405000,0.00340000,0.00445000
2007.7645,0.44671056,-0.41694609,-0.02757112,0.00380000,0.00320000,0.00420000
2007.7673,0.44616223,-0.41668130,-0.02986982,0.00360000,0.00300000,0.00390000
2007.7700,0.44712750,-0.41507567,-0.03306100,0.00370000,0.00290000,0.00410000
2007.7728,0.44478166,-0.41603548,-0.03753698,0.00390000,0.00300000,0.00420000
2007.7755,0.44409249,-0.41595087,-0.03565235,0.00385000,0.00305000,0.00450000
2007.7782,0.44516080,-0.41257863,-0.03128549,0.00380000,0.00320000,0.00420000
2007.7810,0.44711395,-0.40919306,-0.03630950,0.00405000,0.00320000,0.00450000
2007.7837,0.44792274,-0.41342422,-0.03767217,0.00410000,0.00335000,0.00455000
2007.7864,0.44864147,-0.41782650,-0.03416222,0.00350000,0.00270000,0.00395000
2007.7892,0.44415563,-0.41417498,-0.02975852,0.00355000,0.00270000,0.00400000
2007.7919,0.44568960,-0.41293724,-0.03359263,0.00380000,0.00280000,0.00420000
2007.7947,0.44817793,-0.41602739,-0.02125749,0.00400000,0.00300000,0.00440000
2007.7974,0.44600783,-0.41695213,-0.02783478,0.00380000,0.00310000,0.00420000
2007.8001,0.44642971,-0.41062701,-0.02652908,0.00340000,0.00290000,0.00400000
2007.8056,0.44088956,-0.41577848,-0.03253602,0.00400000,0.00320000,0.00430000
2007.8084,0.44484546,-0.41409067,-0.02885853,0.00370000,0.00300000,0.00400000
2007.8111,0.44828522,-0.41264619,-0.02692609,0.00370000,0.00300000,0.00410000
2007.8138,0.44789204,-0.41370019,-0.02869184,0.00380000,0.00320000,0.00420000
2007.8166,0.45081660,-0.41645864,-0.03171261,0.00370000,0.00310000,0.00420000
2007.8193,0.44585596,-0.41772280,-0.03734965,0.00360000,0.00270000,0.00390000
2007.8220,0.45515036,-0.41734723,-0.02746269,0.00420000,0.00340000,0.00470000
2007.8248,0.45177158,-0.41970559,-0.02428710,0.00410000,0.00310000,0.00450000
2007.8275,0.45096808,-0.41952348,-0.03398412,0.00400000,0.00320000,0.00460000
2007.8303,0.44781650,-0.41693133,-0.02970309,0.00390000,0.00310000,0.00450000
2007.8330,0.44935267,-0.42282489,-0.03825607,0.00380000,0.00290000,0.00410000
2007.8357,0.45151278,-0.41679968,-0.02791322,0.00370000,0.00300000,0.00410000
2007.8385,0.45068456,-0.42030293,-0.02830418,0.00360000,0.00280000,0.00400000
2007.8412,0.44613283,-0.41596529,-0.03047823,0.00350000,0.00290000,0.00400000
2007.8439,0.44713017,-0.41845066,-0.02568453,0.00380000,0.00290000,0.00400000
2007.8467,0.44965352,-0.42080327,-0.03407431,0.00375000,0.00295000,0.00405000
2007.8494,0.44459075,-0.42033520,-0.03965889,0.00370000,0.00285000,0.00410000
2007.8522,0.44677791,-0.42014876,-0.03508990,0.00360000,0.00270000,0.00400000
2007.8549,0.45100837,-0.42093137,-0.03600107,0.00375000,0.00300000,0.00400000
2007.8576,0.44705682,-0.42202290,-0.03564059,0.00400000,0.00340000,0.00440000
2007.8604,0.44908681,-0.41329849,-0.02704012,0.00410000,0.00335000,0.00455000
2007.8631,0.44551452,-0.41909922,-0.03033143,0.00390000,0.00295000,0.00430000
2007.8658,0.45145830,-0.41572337,-0.03574467,0.00405000,0.00330000,0.00420000
2007.8686,0.44828493,-0.41663658,-0.04304500,0.00380000,0.00310000,0.00420000
2007.8713,0.44755057,-0.41742475,-0.03856261,0.00380000,0.00310000,0.00410000
2007.8741,0.44956905,-0.42014283,-0.04154879,0.00350000,0.00295000,0.00395000
2007.8768,0.45216319,-0.41598888,-0.03391762,0.00380000,0.00300000,0.00410000
2007.8795,0.45095866,-0.41691160,-0.03656074,0.00370000,0.00295000,0.00405000
2007.8823,0.44824074,-0.41898715,-0.03467506,0.00350000,0.00285000,0.00385000
2007.8850,0.45039402,-0.41891949,-0.03760597,0.00350000,0.00290000,0.00390000
2007.8877,0.45084463,-0.41836063,-0.04653083,0.00390000,0.00300000,0.00410000
2007.8905,0.45024153,-0.41379362,-0.03996366,0.00380000,0.00300000,0.00410000
2007.8932,0.45208615,-0.41387084,-0.03682038,0.00355000,0.00285000,0.00400000
2007.8960,0.45171568,-0.41817087,-0.03817078,0.00350000,0.00285000,0.00385000
2007.8987,0.45099528,-0.41558703,-0.03704181,0.00370000,0.00290000,0.00400000
2007.9014,0.44649476,-0.41492178,-0.04027837,0.00345000,0.00265000,0.00385000
2007.9042,0.45390690,-0.41989188,-0.04010130,0.00370000,0.00280000,0.00405000
2007.9069,0.45207796,-0.41602781,-0.03201718,0.00400000,0.00320000,0.00440000
2007.9097,0.44873647,-0.42363272,-0.02480030,0.00375000,0.00290000,0.00395000
2007.9124,0.44939008,-0.41833016,-0.03764548,0.00395000,0.00280000,0.00420000
2007.9151,0.44774416,-0.42054048,-0.03395393,0.00430000,0.00340000,0.00450000
2007.9179,0.45500373,-0.41867661,-0.03763525,0.00420000,0.00320000,0.00440000
2007.9206,0.45390296,-0.42057547,-0.03356817,0.00380000,0.00300000,0.00410000
2007.9233,0.45402622,-0.41953622,-0.03521529,0.00355000,0.00280000,0.00405000
2007.9261,0.44808698,-0.41937839,-0.03166719,0.00370000,0.00310000,0.00410000
2007.9288,0.45487589,-0.41961703,-0.03190477,0.00400000,0.00315000,0.00425000
2007.9316,0.44795487,-0.41931265,-0.03515348,0.00410000,0.00320000,0.00440000
2007.9343,0.45025411,-0.42206661,-0.03815037,0.00450000,0.00350000,0.00470000
2007.9370,0.45324273,-0.41996527,-0.02362166,0.00390000,0.00320000,0.00410000
2007.9398,0.44884519,-0.42110078,-0.02711984,0.00390000,0.00325000,0.00400000
2007.9425,0.45282513,-0.41881842,-0.03178288,0.00335000,0.00275000,0.00375000
2007.9452,0.45531491,-0.42085788,-0.03249489,0.00340000,0.00280000,0.00370000
2007.9480,0.44953083,-0.42365052,-0.03264001,0.00350000,0.00280000,0.00385000
2007.9507,0.45136165,-0.42200191,-0.03165574,0.00350000,0.00270000,0.00380000
2007.9535,0.45484787,-0.41941387,-0.03505993,0.00360000,0.00270000,0.00390000
2007.9562,0.44853433,-0.41817221,-0.02926197,0.00350000,0.00270000,0.00400000
2007.9589,0.45614964,-0.42114976,-0.03085621,0.00330000,0.00270000,0.00390000
2007.9617,0.45451941,-0.41787623,-0.03450429,0.00340000,0.00280000,0.00400000
2007.9644,0.45070857,-0.41964044,-0.03732077,0.00380000,0.00290000,0.00420000
2007.9671,0.45426869,-0.41811941,-0.03079663,0.00390000,0.00325000,0.00425000
2007.9699,0.44964514,-0.41173036,-0.02771012,0.00400000,0.00310000,0.00430000
2007.9726,0.45504603,-0.42386357,-0.02916681,0.00420000,0.00320000,0.00430000
2007.9754,0.45274295,-0.41968772,-0.02539287,0.00340000,0.00275000,0.00375000
2007.9781,0.45725936,-0.42182947,-0.03237885,0.00340000,0.00275000,0.00390000
2007.9808,0.45331545,-0.42022863,-0.02989243,0.00350000,0.00290000,0.00410000
2007.9836,0.45576986,-0.41685190,-0.03430134,0.00375000,0.00295000,0.00410000
2007.9863,0.45114218,-0.41955915,-0.02734511,0.00360000,0.00270000,0.00390000
2007.9890,0.45346656,-0.42287603,-0.02979503,0.00400000,0.00290000,0.00400000
2007.9918,0.45177580,-0.42037507,-0.03202686,0.00370000,0.00270000,0.00390000
2007.9945,0.45565046,-0.42130968,-0.03089295,0.00350000,0.00290000,0.00400000
2007.9973,0.45733878,-0.41592210,-0.03982938,0.00370000,0.00270000,0.00400000
2008.0000,0.45456148,-0.41733852,-0.02798132,0.00360000,0.00270000,0.00400000
2008.0027,0.45252058,-0.41535082,-0.02859935,0.00350000,0.00250000,0.00380000
2008.0055,0.45253194,-0.41638179,-0.03358986,0.00370000,0.00270000,0.00400000
2008.0082,0.45483945,-0.41949673,-0.03056623,0.00390000,0.00300000,0.00410000
2008.0110,0.45571162,-0.42042052,-0.03442977,0.00430000,0.00360000,0.00460000
2008.0137,0.45506430,-0.42052014,-0.02997414,0.00455000,0.00340000,0.00470000
2008.0164,0.45633641,-0.41851374,-0.03312309,0.00440000,0.00340000,0.00470000
2008.0192,0.45634121,-0.41505652,-0.03749572,0.00410000,0.00310000,0.00450000
2008.0219,0.45347711,-0.42517535,-0.03699416,0.00385000,0.00315000,0.00420000
2008.0246,0.45702568,-0.42152971,-0.03504595,0.00395000,0.00310000,0.00435000
2008.0274,0.45951599,-0.42114424,-0.03926230,0.00380000,0.00310000,0.00410000
2008.0301,0.45001430,-0.42028535,-0.02817922,0.00390000,0.00295000,0.00415000
2008.0329,0.45672876,-0.42533331,-0.03140696,0.00380000,0.00295000,0.00405000
2008.0356,0.45492192,-0.42466139,-0.02575033,0.00360000,0.00300000,0.00410000
2008.0383,0.45263764,-0.42047406,-0.02245141,0.00370000,0.00285000,0.00390000
2008.0411,0.45662215,-0.42585693,-0.01465533,0.00390000,0.00300000,0.00420000
2008.0438,0.45404437,-0.42561376,-0.02426818,0.00390000,0.00275000,0.00405000
2008.0465,0.45854958,-0.42419211,-0.03329053,0.00390000,0.00280000,0.00410000
2008.0493,0.45557485,-0.42387677,-0.03315084,0.00380000,0.00290000,0.00410000
2008.0520,0.45377810,-0.42986090,-0.03720569,0.00380000,0.00290000,0.00400000
2008.0548,0.44974613,-0.42451981,-0.03098994,0.00370000,0.00290000,0.00400000
2008.0575,0.45503905,-0.42629977,-0.02116311,0.00395000,0.00305000,0.00415000
2008.0602,0.45595718,-0.41964412,-0.02791909,0.00370000,0.00280000,0.00405000
2008.0630,0.45798452,-0.42431529,-0.03450319,0.00370000,0.00270000,0.00400000
2008.0657,0.45844954,-0.42407450,-0.02877048,0.00410000,0.00315000,0.00445000
2008.0684,0.45563478,-0.42379944,-0.02717736,0.00395000,0.00285000,0.00425000
2008.0712,0.45666298,-0.42396704,-0.02673937,0.00380000,0.00275000,0.00415000
2008.0739,0.45484617,-0.42331408,-0.01896700,0.00430000,0.00325000,0.00470000
2008.0767,0.45261501,-0.42303198,-0.04296338,0.00435000,0.00340000,0.00465000
2008.0794,0.45366570,-0.42409396,-0.03972218,0.00390000,0.00310000,0.00430000
2008.0821,0.45851070,-0.42023822,-0.03997512,0.00420000,0.00320000,0.00440000
2008.0849,0.45846764,-0.41962751,-0.04013668,0.00385000,0.00295000,0.00410000
2008.0876,0.45322217,-0.42181144,-0.04167290,0.00395000,0.00290000,0.00410000
2008.0903,0.45372783,-0.42322842,-0.03602210,0.00380000,0.00290000,0.00410000
2008.0931,0.45317146,-0.42478704,-0.04414322,0.00400000,0.00300000,0.00440000
2008.0958,0.45616519,-0.42250170,-0.03964614,0.00415000,0.00320000,0.00450000
2008.0986,0.46041944,-0.41536155,-0.03843280,0.00400000,0.00305000,0.00430000
2008.1013,0.45764894,-0.41986719,-0.03542698,0.00380000,0.00270000,0.00410000
2008.1040,0.46032351,-0.41643384,-0.03639053,0.00380000,0.00300000,0.00410000
2008.1068,0.45082293,-0.42095763,-0.03640023,0.00385000,0.00290000,0.00425000
2008.1095,0.45708734,-0.42304336,-0.03807810,0.00370000,0.00270000,0.00410000
2008.1123,0.46212230,-0.42239148,-0.02872459,0.00380000,0.00280000,0.00400000
2008.1150,0.45466731,-0.42508525,-0.03665081,0.00380000,0.00305000,0.00400000
2008.1177,0.45682318,-0.41948175,-0.03075579,0.00370000,0.00290000,0.00400000
2008.1205,0.45596047,-0.42293295,-0.03174662,0.00370000,0.00300000,0.00400000
2008.1232,0.45800713,-0.41834885,-0.03684281,0.00420000,0.00330000,0.00450000
2008.1259,0.45669710,-0.41977951,-0.03530392,0.00390000,0.00295000,0.00420000
2008.1287,0.45979784,-0.42460516,-0.03757590,0.00360000,0.00290000,0.00390000
2008.1314,0.45434622,-0.42348047,-0.03697611,0.00360000,0.00265000,0.00385000
2008.1342,0.45783376,-0.42356184,-0.03994287,0.00370000,0.00285000,0.00400000
2008.1369,0.45984034,-0.42093278,-0.04200492,0.00370000,0.00290000,0.00400000
2008.1396,0.45943954,-0.42204098,-0.03979431,0.00405000,0.00315000,0.00435000
2008.1424,0.45829302,-0.42126871,-0.04276315,0.00405000,0.00315000,0.00440000
2008.1451,0.45166614,-0.42150312,-0.04134636,0.00400000,0.00300000,0.00450000
2008.1478,0.45979134,-0.42532268,-0.03747034,0.00410000,0.00315000,0.00450000
2008.1506,0.46132588,-0.42363350,-0.03518261,0.00440000,0.00340000,0.00485000
2008.1533,0.45582617,-0.42310597,-0.03908317,0.00360000,0.00285000,0.00380000
2008.1561,0.45920963,-0.42308987,-0.03962425,0.00360000,0.00270000,0.00365000
2008.1588,0.45679701,-0.41982166,-0.04267741,0.00370000,0.00290000,0.00390000
2008.1615,0.45732894,-0.42865025,-0.03238841,0.00360000,0.00280000,0.00390000
2008.1643,0.46017783,-0.42555202,-0.03562189,0.00370000,0.00290000,0.00395000
2008.1670,0.45842375,-0.42483359,-0.02844478,0.00390000,0.00305000,0.00420000
2008.1697,0.45823062,-0.42630849,-0.02615050,0.00400000,0.00310000,0.00420000
2008.1725,0.45515736,-0.42010268,-0.03168787,0.00365000,0.00295000,0.00390000
2008.1752,0.45644239,-0.42340149,-0.04699894,0.00350000,0.00270000,0.00390000
2008.1780,0.45675555,-0.42682771,-0.05036645,0.00380000,0.00290000,0.00410000
2008.1807,0.45895526,-0.42854781,-0.04614326,0.00360000,0.00290000,0.00380000
2008.1834,0.46047616,-0.42867813,-0.04891593,0.00360000,0.00295000,0.00395000
2008.1862,0.46011497,-0.42773577,-0.04172925,0.00380000,0.00310000,0.00405000
2008.1889,0.45248143,-0.43117197,-0.05209180,0.00410000,0.00320000,0.00430000
2008.1916,0.45625695,-0.43105388,-0.04125192,0.00360000,0.00290000,0.00400000
2008.1944,0.46149492,-0.42749175,-0.03512654,0.00375000,0.00295000,0.00390000
2008.1971,0.46511105,-0.42668611,-0.04441439,0.00370000,0.00280000,0.00390000
2008.1999,0.46100656,-0.42989601,-0.04131796,0.00380000,0.00310000,0.00410000
2008.2026,0.45848977,-0.42424143,-0.03897038,0.00380000,0.00290000,0.00400000
2008.2053,0.46130520,-0.42643970,-0.03534839,0.00400000,0.00320000,0.00420000
2008.2081,0.45757685,-0.42884971,-0.03750918,0.00385000,0.00310000,0.00415000
2008.2108,0.45816746,-0.42573662,-0.04113703,0.00380000,0.00300000,0.00420000
2008.2136,0.46286166,-0.43228782,-0.04014973,0.00360000,0.00290000,0.00400000
2008.2163,0.45717011,-0.43166771,-0.03632204,0.00360000,0.00300000,0.00400000
2008.2190,0.45959735,-0.42864811,-0.03909446,0.00370000,0.00300000,0.00420000
2008.2218,0.45761781,-0.42876685,-0.03698794,0.00370000,0.00295000,0.00405000
2008.2245,0.45996487,-0.42521405,-0.03467254,0.00335000,0.00275000,0.00370000
2008.2272,0.45957816,-0.42564334,-0.03454600,0.00350000,0.00270000,0.00380000
2008.2300,0.46324190,-0.42538161,-0.02125866,0.00370000,0.00300000,0.00400000
2008.2327,0.46128259,-0.42772480,-0.03641152,0.00370000,0.00300000,0.00390000
2008.2355,0.45939529,-0.42484803,-0.03260010,0.00400000,0.00320000,0.00415000
2008.2382,0.46228362,-0.42657906,-0.03486891,0.00400000,0.00320000,0.00415000
2008.2409,0.45967571,-0.42587623,-0.03189821,0.00340000,0.00280000,0.00370000
2008.2437,0.46207622,-0.42743569,-0.03722896,0.00360000,0.00290000,0.00400000
2008.2464,0.45999645,-0.42606700,-0.03615615,0.00380000,0.00300000,0.00410000
2008.2491,0.46424224,-0.42942273,-0.03818597,0.00350000,0.00280000,0.00380000
2008.2519,0.45966253,-0.42535069,-0.04030241,0.00350000,0.00280000,0.00400000
2008.2546,0.46021192,-0.42673781,-0.04004143,0.00390000,0.00300000,0.00430000
2008.2574,0.46476736,-0.42662877,-0.04559351,0.00385000,0.00290000,0.00410000
2008.2601,0.46159548,-0.42360259,-0.04368222,0.00340000,0.00280000,0.00390000
2008.2628,0.45928337,-0.42776004,-0.03669108,0.00350000,0.00290000,0.00380000
2008.2656,0.46379399,-0.42631401,-0.04062702,0.00335000,0.00260000,0.00360000
2008.2683,0.45839650,-0.42686465,-0.03743971,0.00360000,0.00295000,0.00395000
2008.2710,0.46362460,-0.42374133,-0.04463008,0.00350000,0.00280000,0.00380000
2008.2738,0.45824741,-0.43105238,-0.04334907,0.00350000,0.00270000,0.00405000
2008.2765,0.46384787,-0.42568836,-0.03645010,0.00340000,0.00275000,0.00385000
2008.2793,0.46068240,-0.42884197,-0.04449907,0.00360000,0.00255000,0.00385000
2008.2820,0.46091192,-0.42337478,-0.04216381,0.00330000,0.00270000,0.00360000
2008.2847,0.46242242,-0.42839237,-0.04059347,0.00350000,0.00270000,0.00380000
2008.2875,0.46056315,-0.42960590,-0.04547543,0.00320000,0.00280000,0.00380000
2008.2902,0.46460261,-0.42683723,-0.04601896,0.00350000,0.00310000,0.00380000
2008.2930,0.46563788,-0.42616359,-0.04976158,0.00345000,0.00280000,0.00400000
2008.2957,0.46036255,-0.42442751,-0.05167028,0.00340000,0.00270000,0.00380000
2008.2984,0.45888358,-0.42207645,-0.04437851,0.00330000,0.00280000,0.00390000
2008.3012,0.46206219,-0.42507628,-0.04799584,0.00325000,0.00270000,0.00380000
2008.3039,0.46582606,-0.42429554,-0.04736873,0.00330000,0.00270000,0.00360000
2008.3066,0.46402952,-0.42761463,-0.04784261,0.00320000,0.00280000,0.00360000
2008.3094,0.46675283,-0.42693158,-0.05516622,0.00315000,0.00270000,0.00355000
2008.3121,0.46320935,-0.42682314,-0.05285364,0.00340000,0.00280000,0.00410000
2008.3149,0.46369072,-0.42793354,-0.04874165,0.00345000,0.00290000,0.00410000
2008.3176,0.45780557,-0.42737968,-0.04476735,0.00335000,0.00275000,0.00370000
2008.3203,0.46440312,-0.42921905,-0.05294688,0.00330000,0.00270000,0.00370000
2008.3231,0.46346054,-0.43093047,-0.04873965,0.00345000,0.00280000,0.00380000
2008.3258,0.46315955,-0.42800405,-0.04674539,0.00350000,0.00295000,0.00400000
2008.3285,0.46426663,-0.42567825,-0.04731071,0.00390000,0.00320000,0.00440000
2008.3313,0.46654583,-0.43136658,-0.04558369,0.00365000,0.00295000,0.00400000
2008.3340,0.46640303,-0.43046788,-0.04319879,0.00360000,0.00280000,0.00390000
2008.3368,0.46333902,-0.42961229,-0.03255957,0.00300000,0.00240000,0.00370000
2008.3395,0.46189555,-0.43005685,-0.03824716,0.00340000,0.00260000,0.00380000
2008.3587,0.46449256,-0.42853053,-0.03110613,0.00360000,0.00280000,0.00390000
2008.3614,0.46198602,-0.42806096,-0.03382390,0.00330000,0.00260000,0.00380000
2008.3641,0.45741875,-0.43175764,-0.02845811,0.00365000,0.00285000,0.00390000
2008.3669,0.46223546,-0.42891006,-0.03349964,0.00420000,0.00365000,0.00455000
2008.3806,0.46415004,-0.42717509,-0.03875331,0.00375000,0.00315000,0.00405000
2008.3833,0.46648538,-0.42926176,-0.03346959,0.00400000,0.00320000,0.00425000
2008.3860,0.46402842,-0.42982160,-0.03710533,0.00370000,0.00300000,0.00410000
2008.3888,0.46531540,-0.43396012,-0.03641040,0.00415000,0.00320000,0.00450000
2008.3915,0.46526249,-0.42955178,-0.03985616,0.00390000,0.00310000,0.00430000
2008.3943,0.46733346,-0.42996207,-0.03782736,0.00370000,0.00310000,0.00420000
2008.3970,0.46452101,-0.43150412,-0.04341053,0.00320000,0.00270000,0.00390000
2008.3997,0.46372398,-0.42910243,-0.04344121,0.00355000,0.00280000,0.00405000
2008.4025,0.46356203,-0.42683902,-0.04553603,0.00350000,0.00280000,0.00400000
2008.4052,0.46179021,-0.43252480,-0.04298852,0.00320000,0.00280000,0.00390000
2008.4079,0.46293981,-0.43150523,-0.03955069,0.00390000,0.00310000,0.00420000
2008.4107,0.45947197,-0.43125798,-0.03483455,0.00350000,0.00285000,0.00390000
2008.4134,0.46696636,-0.43227251,-0.04072082,0.00355000,0.00280000,0.00400000
2008.4162,0.46373173,-0.43329722,-0.03574865,0.00355000,0.00300000,0.00390000
2008.4189,0.46821161,-0.43076232,-0.03781700,0.00365000,0.00295000,0.00400000
2008.4216,0.46695653,-0.43265920,-0.03647914,0.00390000,0.00310000,0.00415000
2008.4244,0.46670754,-0.43368406,-0.03435397,0.00380000,0.00320000,0.00420000
2008.4271,0.46252969,-0.43214484,-0.03264918,0.00370000,0.00320000,0.00420000
2008.4298,0.46448386,-0.43239116,-0.03907301,0.00390000,0.00310000,0.00440000
2008.4326,0.46699274,-0.43256935,-0.03920211,0.00380000,0.00310000,0.00410000
2008.4353,0.46521111,-0.43026941,-0.03176956,0.00380000,0.00310000,0.00420000
2008.4381,0.46827795,-0.43247889,-0.03303236,0.00370000,0.00300000,0.00400000
2008.4408,0.46858732,-0.43309540,-0.03542826,0.00365000,0.00285000,0.00400000
2008.4435,0.46350959,-0.43213704,-0.03617823,0.00370000,0.00290000,0.00400000
2008.4463,0.46992894,-0.43718319,-0.03764501,0.00360000,0.00300000,0.00400000
2008.4490,0.46395911,-0.43246088,-0.04117632,0.00370000,0.00300000,0.00410000
2008.4517,0.46426330,-0.43512753,-0.03805463,0.00360000,0.00300000,0.00410000
2008.4545,0.46298902,-0.43189747,-0.03700362,0.00360000,0.00300000,0.00420000
2008.4572,0.46260329,-0.43052889,-0.03969791,0.00380000,0.00320000,0.00430000
2008.4600,0.46781982,-0.43489054,-0.03832251,0.00415000,0.00350000,0.00450000
2008.4627,0.46247773,-0.43156576,-0.04070414,0.00360000,0.00320000,0.00390000
2008.4654,0.46719922,-0.43005277,-0.03582165,0.00370000,0.00300000,0.00405000
2008.4682,0.46944133,-0.43209468,-0.03379037,0.00365000,0.00305000,0.00405000
2008.4709,0.46384092,-0.43460435,-0.02939870,0.00380000,0.00305000,0.00415000
2008.4736,0.46270466,-0.43516340,-0.03142841,0.00395000,0.00290000,0.00430000
2008.4764,0.46299066,-0.43676758,-0.03340537,0.00395000,0.00315000,0.00455000
2008.4791,0.46633517,-0.43575976,-0.02580314,0.00390000,0.00320000,0.00450000
2008.4819,0.46781146,-0.43696150,-0.03366266,0.00370000,0.00310000,0.00400000
2008.4846,0.46927828,-0.43383882,-0.02537369,0.00400000,0.00335000,0.00435000
2008.4873,0.46729122,-0.43769164,-0.03379147,0.00395000,0.00335000,0.00430000
2008.4901,0.46473870,-0.43531669,-0.02949441,0.00395000,0.00325000,0.00420000
2008.4928,0.46669597,-0.43519916,-0.03945184,0.00380000,0.00300000,0.00420000
2008.4956,0.46782649,-0.43531471,-0.03953261,0.00385000,0.00295000,0.00415000
2008.4983,0.46422517,-0.43380151,-0.03414288,0.00400000,0.00330000,0.00430000
2008.5010,0.46431165,-0.43886247,-0.03422075,0.00380000,0.00330000,0.00440000
2008.5038,0.46592339,-0.43524497,-0.02131598,0.00375000,0.00315000,0.00415000
2008.5065,0.46948564,-0.43439579,-0.03786859,0.00410000,0.00340000,0.00450000
2008.5092,0.46409618,-0.43060633,-0.03352488,0.00430000,0.00360000,0.00475000
2008.5120,0.46532204,-0.43351645,-0.02857212,0.00420000,0.00355000,0.00455000
2008.5147,0.46090399,-0.43234139,-0.04083016,0.00430000,0.00345000,0.00475000
2008.5175,0.46404978,-0.43248075,-0.03958541,0.00420000,0.00340000,0.00450000
2008.5202,0.46476832,-0.43356082,-0.03329430,0.00400000,0.00340000,0.00445000
2008.5229,0.46686382,-0.43351300,-0.03181400,0.00430000,0.00370000,0.00470000
2008.5257,0.46551730,-0.43465748,-0.03233731,0.00450000,0.00400000,0.00470000
2008.5284,0.46160282,-0.42961367,-0.02773198,0.00410000,0.00360000,0.00430000
2008.5311,0.46218512,-0.43454583,-0.04011127,0.00400000,0.00330000,0.00430000
2008.5339,0.47226852,-0.43774714,-0.03066460,0.00450000,0.00350000,0.00485000
2008.5366,0.46965858,-0.43578636,-0.02856799,0.00410000,0.00345000,0.00445000
2008.5394,0.46499977,-0.43796759,-0.03386580,0.00400000,0.00320000,0.00430000
2008.5421,0.46833788,-0.43505755,-0.02998486,0.00440000,0.00350000,0.00470000
2008.5448,0.46603371,-0.43585097,-0.03412093,0.00445000,0.00365000,0.00485000
2008.5476,0.46057693,-0.42948636,-0.03311918,0.00460000,0.00370000,0.00490000
2008.5503,0.46599539,-0.43878020,-0.02997520,0.00390000,0.00320000,0.00450000
2008.5530,0.46685814,-0.43417448,-0.03239374,0.00420000,0.00350000,0.00470000
2008.5558,0.46371065,-0.44053042,-0.02700757,0.00465000,0.00375000,0.00510000
2008.5585,0.46770365,-0.43313005,-0.03218079,0.00400000,0.00330000,0.00440000
2008.5613,0.46228500,-0.43726226,-0.02882290,0.00370000,0.00310000,0.00420000
2008.5640,0.46427172,-0.44067484,-0.03099876,0.00380000,0.00320000,0.00420000
2008.5667,0.47172379,-0.43618811,-0.03215888,0.00440000,0.00340000,0.00470000
2008.5695,0.46419143,-0.43511800,-0.02865258,0.00445000,0.00355000,0.00475000
2008.5722,0.46410470,-0.43365798,-0.03472292,0.00400000,0.00340000,0.00440000
2008.5749,0.46830832,-0.43632901,-0.02668808,0.00430000,0.00340000,0.00470000
2008.5777,0.46775481,-0.43450874,-0.03286978,0.00410000,0.00340000,0.00450000
2008.5804,0.46445491,-0.43936838,-0.03321215,0.00430000,0.00330000,0.00470000
2008.5832,0.46682093,-0.43605269,-0.03455482,0.00385000,0.00285000,0.00415000
2008.5859,0.46698133,-0.43784223,-0.03017641,0.00380000,0.00320000,0.00430000
2008.5886,0.46558814,-0.44006190,-0.02969945,0.00400000,0.00320000,0.00430000
2008.5914,0.46285628,-0.44148391,-0.03555010,0.00410000,0.00330000,0.00440000
2008.5941,0.46453583,-0.44371560,-0.02939433,0.00420000,0.00330000,0.00450000
2008.5969,0.46933408,-0.43916770,-0.02924144,0.00400000,0.00320000,0.00430000
2008.5996,0.46532416,-0.43955221,-0.02390518,0.00395000,0.00330000,0.00430000
2008.6023,0.46757584,-0.44110579,-0.02996381,0.00400000,0.00340000,0.00430000
2008.6051,0.46778146,-0.44022305,-0.02954557,0.00390000,0.00320000,0.00430000
2008.6078,0.46728334,-0.43793222,-0.02944183,0.00410000,0.00330000,0.00460000
2008.6105,0.46848138,-0.44420265,-0.02581041,0.00400000,0.00320000,0.00430000
2008.6133,0.46708082,-0.43916778,-0.02118838,0.00370000,0.00300000,0.00410000
2008.6160,0.47222263,-0.44052196,-0.02507923,0.00390000,0.00320000,0.00425000
2008.6188,0.46741090,-0.43812245,-0.02974470,0.00440000,0.00360000,0.00470000
2008.6215,0.46648997,-0.43978835,-0.03240142,0.00410000,0.00325000,0.00450000
2008.6242,0.46437281,-0.44130334,-0.02733885,0.00420000,0.00350000,0.00470000
2008.6270,0.46749413,-0.43728232,-0.03475428,0.00390000,0.00330000,0.00430000
2008.6297,0.46466074,-0.44068691,-0.04618004,0.00420000,0.00330000,0.00450000
2008.6324,0.46603228,-0.44023213,-0.03364182,0.00400000,0.00310000,0.00460000
2008.6352,0.46847429,-0.44191163,-0.03071148,0.00410000,0.00330000,0.00450000
2008.6379,0.46939875,-0.44143671,-0.03202466,0.00410000,0.00320000,0.00440000
2008.6407,0.46540084,-0.44156925,-0.02820294,0.00370000,0.00290000,0.00400000
2008.6434,0.46865568,-0.44268483,-0.03346613,0.00390000,0.00300000,0.00430000
2008.6461,0.46806656,-0.44114207,-0.02846180,0.00390000,0.00330000,0.00410000
2008.6489,0.46883368,-0.44767538,-0.03097269,0.00430000,0.00350000,0.00440000
2008.6516,0.47027119,-0.44364914,-0.03361462,0.00410000,0.00340000,0.00455000
2008.6543,0.46526919,-0.44215626,-0.02937665,0.00440000,0.00375000,0.00495000
2008.6571,0.46202968,-0.44038319,-0.03158726,0.00400000,0.00345000,0.00440000
2008.6598,0.46586400,-0.43865489,-0.03169774,0.00410000,0.00345000,0.00450000
2008.6626,0.46618696,-0.43786203,-0.03041322,0.00430000,0.00350000,0.00465000
2008.6653,0.46733876,-0.44018058,-0.02748321,0.00440000,0.00350000,0.00470000
2008.6680,0.46717553,-0.44181965,-0.03449021,0.00410000,0.00325000,0.00445000
2008.6708,0.46633514,-0.44315267,-0.02689265,0.00410000,0.00330000,0.00440000
2008.6735,0.46882917,-0.44310074,-0.03160853,0.00390000,0.00320000,0.00430000
2008.6762,0.47016049,-0.44265324,-0.02166831,0.00415000,0.00330000,0.00460000
2008.6790,0.46894139,-0.44341634,-0.02810437,0.00415000,0.00345000,0.00455000
2008.6817,0.46899985,-0.43826938,-0.02495034,0.00440000,0.00350000,0.00460000
2008.6845,0.46812593,-0.43841808,-0.03126150,0.00410000,0.00330000,0.00440000
2008.6872,0.46632685,-0.44592063,-0.03358150,0.00405000,0.00330000,0.00435000
2008.6899,0.46783319,-0.44267419,-0.02999953,0.00410000,0.00335000,0.00440000
2008.6927,0.47016760,-0.44494104,-0.03994399,0.00410000,0.00300000,0.00450000
2008.6954,0.47158888,-0.44457755,-0.02696558,0.00390000,0.00300000,0.00420000
2008.6982,0.47139976,-0.44343580,-0.01713254,0.00365000,0.00300000,0.00390000
2008.7009,0.47138286,-0.44505113,-0.01281382,0.00390000,0.00310000,0.00430000
2008.7036,0.47095572,-0.44209863,-0.02074860,0.00350000,0.00270000,0.00400000
2008.7064,0.47111865,-0.44303039,-0.02291873,0.00360000,0.00310000,0.00390000
2008.7091,0.47006652,-0.44137544,-0.02795579,0.00370000,0.00305000,0.00405000
2008.7118,0.46853920,-0.44454799,-0.02324907,0.00410000,0.00350000,0.00460000
2008.7146,0.46797207,-0.43898229,-0.03314028,0.00380000,0.00320000,0.00440000
2008.7173,0.46776814,-0.43812912,-0.02503146,0.00420000,0.00350000,0.00450000
2008.7201,0.46680538,-0.44259030,-0.02992219,0.00385000,0.00320000,0.00425000
2008.7228,0.47199911,-0.44123409,-0.02742650,0.00390000,0.00335000,0.00430000
2008.7255,0.47729850,-0.43961925,-0.03337958,0.00370000,0.00290000,0.00400000
2008.7283,0.46687685,-0.44023827,-0.02247808,0.00380000,0.00310000,0.00410000
2008.7310,0.47363855,-0.43997311,-0.03729474,0.00380000,0.00290000,0.00410000
2008.7337,0.46392339,-0.44103135,-0.03253523,0.00375000,0.00295000,0.00405000
2008.7365,0.46519848,-0.43973270,-0.03349623,0.00380000,0.00300000,0.00420000
2008.7392,0.46844497,-0.43782842,-0.03946999,0.00390000,0.00310000,0.00420000
2008.7420,0.47688216,-0.43624505,-0.03912343,0.00385000,0.00320000,0.00425000
2008.7447,0.46999735,-0.43862892,-0.03087316,0.00380000,0.00320000,0.00410000
2008.7474,0.47153095,-0.43976981,-0.02918161,0.00420000,0.00350000,0.00450000
2008.7502,0.46942326,-0.44082634,-0.03316460,0.00405000,0.00325000,0.00435000
2008.7529,0.47229013,-0.43998390,-0.03204764,0.00370000,0.00300000,0.00410000
2008.7556,0.47588273,-0.44245238,-0.03700169,0.00415000,0.00345000,0.00455000
2008.7584,0.47076397,-0.43653795,-0.03570943,0.00410000,0.00340000,0.00450000
2008.7611,0.47009770,-0.43969541,-0.03066783,0.00415000,0.00335000,0.00450000
2008.7639,0.47193537,-0.44135135,-0.03524344,0.00410000,0.00330000,0.00440000
2008.7666,0.47311755,-0.43818637,-0.03753534,0.00350000,0.00280000,0.00400000
2008.7693,0.47279130,-0.44177045,-0.03491081,0.00405000,0.00325000,0.00430000
2008.7721,0.47194824,-0.44248995,-0.02390619,0.00370000,0.00270000,0.00400000
2008.7748,0.47260371,-0.44326614,-0.02513602,0.00365000,0.00300000,0.00410000
2008.7775,0.46943125,-0.44097970,-0.03160655,0.00395000,0.00325000,0.00440000
2008.7803,0.47178625,-0.43974431,-0.03057122,0.00390000,0.00310000,0.00430000
2008.7830,0.47552115,-0.44034351,-0.03555177,0.00360000,0.00265000,0.00395000
2008.7858,0.47516748,-0.44065654,-0.03426258,0.00360000,0.00275000,0.00410000
2008.7885,0.47179094,-0.43952307,-0.04119987,0.00370000,0.00290000,0.00410000
2008.7912,0.47480952,-0.43909398,-0.03482071,0.00370000,0.00280000,0.00400000
2008.7940,0.47657691,-0.44367182,-0.04013548,0.00330000,0.00270000,0.00400000
2008.7967,0.47316062,-0.44105929,-0.02578526,0.00360000,0.00280000,0.00410000
2008.7995,0.47489229,-0.44591460,-0.03719446,0.00390000,0.00330000,0.00430000
2008.8022,0.47231251,-0.44280453,-0.04043831,0.00340000,0.00260000,0.00390000
2008.8049,0.47458786,-0.44315153,-0.02539004,0.00365000,0.00270000,0.00415000
2008.8077,0.47549132,-0.44622674,-0.02860786,0.00350000,0.00300000,0.00410000
2008.8104,0.47188912,-0.44735820,-0.03409518,0.00330000,0.00260000,0.00360000
2008.8131,0.47356038,-0.44001539,-0.03771546,0.00340000,0.00280000,0.00370000
2008.8159,0.47302396,-0.44837782,-0.03601238,0.00350000,0.00270000,0.00380000
2008.8186,0.47171430,-0.44126978,-0.02692108,0.00340000,0.00270000,0.00370000
2008.8214,0.47406066,-0.44681984,-0.03770317,0.00350000,0.00270000,0.00370000
2008.8241,0.47133212,-0.44139685,-0.04125798,0.00320000,0.00255000,0.00370000
2008.8268,0.47189456,-0.44396582,-0.02808606,0.00350000,0.00280000,0.00400000
2008.8296,0.47033344,-0.44428957,-0.02631772,0.00350000,0.00275000,0.00395000
2008.8323,0.47660131,-0.44539412,-0.03110687,0.00400000,0.00320000,0.00435000
2008.8350,0.47633440,-0.44243248,-0.02659050,0.00440000,0.00360000,0.00490000
2008.8378,0.47045117,-0.44704423,-0.02747523,0.00410000,0.00350000,0.00450000
2008.8405,0.47559832,-0.44427779,-0.03342291,0.00390000,0.00310000,0.00420000
2008.8460,0.47613919,-0.44152267,-0.02439337,0.00410000,0.00320000,0.00430000
2008.8487,0.47458657,-0.44596291,-0.02465007,0.00380000,0.00300000,0.00415000
2008.8515,0.47675476,-0.44282834,-0.02547756,0.00355000,0.00280000,0.00385000
2008.8542,0.48065371,-0.44585112,-0.02580086,0.00335000,0.00270000,0.00355000
2008.8569,0.47435641,-0.44862459,-0.01643648,0.00310000,0.00260000,0.00380000
2008.8597,0.47804893,-0.44618355,-0.02217684,0.00415000,0.00335000,0.00455000
2008.8624,0.46867157,-0.44941903,-0.02376853,0.00380000,0.00290000,0.00390000
2008.8652,0.47136859,-0.44917142,-0.02777347,0.00340000,0.00270000,0.00400000
2008.8679,0.47500066,-0.44638432,-0.03331832,0.00345000,0.00290000,0.00400000
2008.8706,0.47554102,-0.44899989,-0.03263717,0.00365000,0.00305000,0.00400000
2008.8734,0.47772182,-0.44745446,-0.03370459,0.00370000,0.00310000,0.00390000
2008.8761,0.47196570,-0.44656854,-0.02074059,0.00360000,0.00290000,0.00380000
2008.8789,0.47899114,-0.44764333,-0.02615375,0.00350000,0.00270000,0.00380000
2008.8816,0.47276809,-0.44561767,-0.02346060,0.00340000,0.00230000,0.00380000
2008.8843,0.47767367,-0.44607737,-0.02923234,0.00310000,0.00245000,0.00340000
2008.8871,0.47522156,-0.44795870,-0.03055743,0.00340000,0.00270000,0.00370000
2008.8898,0.47555914,-0.44685320,-0.03050327,0.00380000,0.00280000,0.00390000
2008.8925,0.47710433,-0.45227191,-0.02633580,0.00340000,0.00270000,0.00360000
2008.8953,0.47599407,-0.44897365,-0.03632734,0.00340000,0.00260000,0.00370000
2008.8980,0.47801058,-0.44851652,-0.02405618,0.00360000,0.00285000,0.00380000
2008.9008,0.48022721,-0.44933176,-0.03186292,0.00360000,0.00275000,0.00395000
2008.9035,0.47803319,-0.44746080,-0.02569853,0.00365000,0.00290000,0.00400000
2008.9062,0.47625415,-0.44551037,-0.02747910,0.00380000,0.00295000,0.00395000
2008.9090,0.47882749,-0.44799092,-0.02315934,0.00370000,0.00315000,0.00410000
2008.9117,0.47747616,-0.44622322,-0.02571191,0.00340000,0.00260000,0.00370000
2008.9144,0.47574797,-0.44981047,-0.02404880,0.00360000,0.00280000,0.00380000
2008.9172,0.47619469,-0.44623148,-0.02758941,0.00335000,0.00270000,0.00365000
2008.9199,0.47425995,-0.44684525,-0.03528293,0.00330000,0.00255000,0.00370000
2008.9227,0.47494861,-0.44747248,-0.02333254,0.00320000,0.00275000,0.00370000
2008.9254,0.47420336,-0.44943156,-0.02794577,0.00330000,0.00270000,0.00380000
2008.9281,0.47560452,-0.45158996,-0.02964234,0.00340000,0.00260000,0.00400000
2008.9309,0.47966754,-0.44992681,-0.02981231,0.00340000,0.00270000,0.00370000
2008.9336,0.47614469,-0.44522152,-0.03401923,0.00380000,0.00280000,0.00410000
2008.9363,0.47676547,-0.44542762,-0.03505851,0.00410000,0.00350000,0.00430000
2008.9391,0.48004479,-0.44578287,-0.03571962,0.00385000,0.00315000,0.00415000
2008.9418,0.48424210,-0.44943757,-0.03561607,0.00360000,0.00290000,0.00410000
2008.9446,0.48059320,-0.44931288,-0.03087699,0.00360000,0.00250000,0.00390000
2008.9473,0.47710670,-0.44896285,-0.03079581,0.00370000,0.00280000,0.00400000
2008.9500,0.47669551,-0.44778047,-0.03315000,0.00390000,0.00330000,0.00440000
2008.9528,0.48014559,-0.44483651,-0.03739460,0.00410000,0.00330000,0.00460000
2008.9555,0.47605695,-0.44671999,-0.04017193,0.00365000,0.00285000,0.00395000
2008.9582,0.47966312,-0.44577032,-0.04173794,0.00360000,0.00300000,0.00410000
2008.9610,0.47788681,-0.44466647,-0.04198973,0.00395000,0.00320000,0.00425000
2008.9637,0.48436187,-0.44668288,-0.03939777,0.00340000,0.00285000,0.00380000
2008.9665,0.48100549,-0.44548448,-0.03456333,0.00370000,0.00300000,0.00390000
2008.9692,0.47927344,-0.44654778,-0.03557636,0.00355000,0.00275000,0.00375000
2008.9719,0.47649636,-0.44492388,-0.03876449,0.00360000,0.00270000,0.00380000
2008.9747,0.47632223,-0.44538590,-0.03871318,0.00340000,0.00280000,0.00380000
2008.9774,0.48017192,-0.44897465,-0.02721580,0.00400000,0.00330000,0.00420000
2008.9802,0.47737790,-0.44972557,-0.03257169,0.00360000,0.00290000,0.00380000
2008.9829,0.48164359,-0.44439369,-0.02953996,0.00365000,0.00285000,0.00400000
2008.9856,0.47801143,-0.44450497,-0.03224921,0.00340000,0.00285000,0.00380000
2008.9884,0.48514323,-0.44610867,-0.02283520,0.00390000,0.00330000,0.00440000
2008.9911,0.47752716,-0.44765165,-0.03245570,0.00330000,0.00280000,0.00400000
